100
0 1 1.50401
0 2 1.69533
0 3 1.7076
0 4 0.0862032
0 5 0.553742
0 6 1.78392
0 7 0.565935
0 8 1.17274
0 9 1.02409
0 10 0.13731
0 11 1.44262
0 12 1.4081
0 13 0.806603
0 14 1.25167
0 15 1.37458
0 16 1.97688
0 17 0.711226
0 18 1.30213
0 19 0.578028
0 20 1.32011
0 21 1.20596
0 22 1.53552
0 23 1.52953
0 24 1.13647
0 25 0.798957
0 26 1.10475
0 27 1.72098
0 28 1.33107
0 29 1.75839
0 30 0.532691
0 31 0.518679
0 32 1.41694
0 33 0.807654
0 34 1.84321
0 35 0.627897
0 36 1.54139
0 37 0.811961
0 38 1.82189
0 39 0.640087
0 40 1.22563
0 41 1.22576
0 42 0.400815
0 43 0.588009
0 44 0.272162
0 45 0.995919
0 46 1.24499
0 47 1.80284
0 48 0.956947
0 49 0.932346
0 50 1.29814
0 51 0.971144
0 52 0.781285
0 53 0.792011
0 54 1.56976
0 55 0.776542
0 56 1.43838
0 57 0.345681
0 58 1.39937
0 59 0.414086
0 60 0.62002
0 61 1.82353
0 62 0.409225
0 63 1.09849
0 64 1.47214
0 65 1.51332
0 66 1.39625
0 67 0.512544
0 68 1.1497
0 69 0.786539
0 70 0.298058
0 71 1.66945
0 72 0.378229
0 73 0.929636
0 74 1.28397
0 75 1.12655
0 76 1.0925
0 77 1.52229
0 78 0.403715
0 79 0.851126
0 80 1.06909
0 81 1.67214
0 82 1.64429
0 83 0.902242
0 84 0.981657
0 85 1.78421
0 86 0.774481
0 87 0.611419
0 88 0.325915
0 89 0.599533
0 90 0.78834
0 91 1.92753
0 92 0.489792
0 93 2.12087
0 94 0.802343
0 95 0.519158
0 96 0.423647
0 97 0.558496
0 98 0.939259
0 99 0.127684
1 2 1.17792
1 3 0.620306
1 4 1.58152
1 5 1.70333
1 6 0.434659
1 7 1.31146
1 8 1.79551
1 9 1.84079
1 10 1.55778
1 11 1.96398
1 12 0.998798
1 13 1.51198
1 14 0.326659
1 15 0.49418
1 16 1.40125
1 17 1.85569
1 18 0.250952
1 19 1.44238
1 20 0.281873
1 21 1.97319
1 22 1.35254
1 23 1.27779
1 24 0.758764
1 25 0.976619
1 26 1.11225
1 27 1.16315
1 28 0.668368
1 29 1.03534
1 30 0.97133
1 31 1.02548
1 32 0.161454
1 33 2.05842
1 34 1.09571
1 35 1.43798
1 36 1.33758
1 37 0.945198
1 38 0.67865
1 39 1.01182
1 40 1.80879
1 41 1.28825
1 42 1.23921
1 43 1.84173
1 44 1.58393
1 45 0.598849
1 46 1.44096
1 47 1.70129
1 48 0.612045
1 49 1.26091
1 50 0.788345
1 51 0.629782
1 52 1.11687
1 53 1.60393
1 54 0.170535
1 55 1.46589
1 56 0.872897
1 57 1.33448
1 58 1.65047
1 59 1.34405
1 60 0.884761
1 61 0.964315
1 62 1.11338
1 63 0.543776
1 64 0.0383823
1 65 0.21101
1 66 1.23701
1 67 1.29301
1 68 1.94669
1 69 0.745375
1 70 1.52326
1 71 1.8238
1 72 1.13698
1 73 0.633879
1 74 0.320677
1 75 0.896969
1 76 2.17243
1 77 0.73503
1 78 1.14429
1 79 1.74232
1 80 1.7694
1 81 0.766344
1 82 0.67801
1 83 1.35086
1 84 2.16988
1 85 0.475564
1 86 0.729966
1 87 1.10853
1 88 1.75337
1 89 1.00686
1 90 1.38146
1 91 1.66168
1 92 1.40172
1 93 1.79779
1 94 0.943878
1 95 1.01568
1 96 1.66678
1 97 1.78204
1 98 0.700572
1 99 1.38013
2 3 0.63827
2 4 1.77834
2 5 1.48632
2 6 0.934662
2 7 1.16541
2 8 1.10887
2 9 1.27825
2 10 1.8191
2 11 1.12128
2 12 0.296563
2 13 1.10195
2 14 1.3381
2 15 0.701719
2 16 0.290913
2 17 1.54552
2 18 1.01202
2 19 2.01243
2 20 1.35021
2 21 1.30627
2 22 0.32708
2 23 0.259979
2 24 0.644387
2 25 1.72529
2 26 0.60163
2 27 0.0411817
2 28 0.56061
2 29 0.212532
2 30 1.35018
2 31 1.24044
2 32 1.03076
2 33 1.75077
2 34 0.242183
2 35 1.18711
2 36 0.306517
2 37 1.70097
2 38 0.677067
2 39 1.07585
2 40 1.08447
2 41 0.564845
2 42 1.70991
2 43 1.63037
2 44 1.92429
2 45 0.93757
2 46 0.670793
2 47 0.570777
2 48 0.983467
2 49 0.822008
2 50 0.489714
2 51 0.935969
2 52 0.916847
2 53 1.19771
2 54 1.03789
2 55 1.08839
2 56 0.341529
2 57 1.35914
2 58 0.765424
2 59 1.82989
2 60 1.33001
2 61 0.354811
2 62 1.51545
2 63 1.46842
2 64 1.15057
2 65 0.97176
2 66 0.362596
2 67 1.84707
2 68 1.31462
2 69 1.10985
2 70 1.50096
2 71 0.793048
2 72 1.38309
2 73 0.999688
2 74 0.934802
2 75 0.588447
2 76 1.67232
2 77 0.442893
2 78 1.57457
2 79 1.29737
2 80 1.15813
2 81 0.452216
2 82 0.534415
2 83 0.90052
2 84 1.76491
2 85 0.881708
2 86 1.25936
2 87 1.72836
2 88 1.74517
2 89 1.58928
2 90 1.01772
2 91 0.487672
2 92 1.92806
2 93 0.622002
2 94 0.912725
2 95 1.49428
2 96 1.54702
2 97 1.57669
2 98 0.903403
2 99 1.62759
3 4 1.79342
3 5 1.70555
3 6 0.296485
3 7 1.31282
3 8 1.55671
3 9 1.67039
3 10 1.80193
3 11 1.64994
3 12 0.590264
3 13 1.39501
3 14 0.877979
3 15 0.337177
3 16 0.807353
3 17 1.81912
3 18 0.561382
3 19 1.83884
3 20 0.863042
3 21 1.75476
3 22 0.902833
3 23 0.821907
3 24 0.606049
3 25 1.43774
3 26 0.870414
3 27 0.611326
3 28 0.40159
3 29 0.451574
3 30 1.22401
3 31 1.18967
3 32 0.515448
3 33 2.0342
3 34 0.494323
3 35 1.39792
3 36 0.883515
3 37 1.4079
3 38 0.114445
3 39 1.08318
3 40 1.55086
3 41 0.976103
3 42 1.57163
3 43 1.85619
3 44 1.87072
3 45 0.725469
3 46 1.12812
3 47 1.20593
3 48 0.771197
3 49 1.09356
3 50 0.492352
3 51 0.745326
3 52 1.05439
3 53 1.49799
3 54 0.454406
3 55 1.36114
3 56 0.453138
3 57 1.43269
3 58 1.29738
3 59 1.69183
3 60 1.16404
3 61 0.352377
3 62 1.39692
3 63 1.06637
3 64 0.604977
3 65 0.413913
3 66 0.839798
3 67 1.67308
3 68 1.7455
3 69 0.944752
3 70 1.61452
3 71 1.39734
3 72 1.33527
3 73 0.797803
3 74 0.516287
3 75 0.689228
3 76 2.05193
3 77 0.271127
3 78 1.44661
3 79 1.6272
3 80 1.56865
3 81 0.186243
3 82 0.115018
3 83 1.19222
3 84 2.09959
3 85 0.24362
3 86 1.03467
3 87 1.51076
3 88 1.86884
3 89 1.38039
3 90 1.27362
3 91 1.1202
3 92 1.77388
3 93 1.22751
3 94 0.939534
3 95 1.33177
3 96 1.71768
3 97 1.79588
3 98 0.76865
3 99 1.604
4 5 0.582232
4 6 1.86732
4 7 0.640026
4 8 1.2223
4 9 1.06367
4 10 0.0942289
4 11 1.49143
4 12 1.49213
4 13 0.866264
4 14 1.32293
4 15 1.46008
4 16 2.0589
4 17 0.728604
4 18 1.38318
4 19 0.570316
4 20 1.39131
4 21 1.24333
4 22 1.61333
4 23 1.60915
4 24 1.22258
4 25 0.842156
4 26 1.18571
4 27 1.80441
4 28 1.41727
4 29 1.84352
4 30 0.611152
4 31 0.604135
4 32 1.49757
4 33 0.802737
4 34 1.92821
4 35 0.691365
4 36 1.61966
4 37 0.85766
4 38 1.90767
4 39 0.726058
4 40 1.27623
4 41 1.30215
4 42 0.438772
4 43 0.594802
4 44 0.228202
4 45 1.08045
4 46 1.31594
4 47 1.87454
4 48 1.04096
4 49 1.00792
4 50 1.38404
4 51 1.05597
4 52 0.862981
4 53 0.843598
4 54 1.65064
4 55 0.839233
4 56 1.52383
4 57 0.423701
4 58 1.46407
4 59 0.428181
4 60 0.696764
4 61 1.90939
4 62 0.477218
4 63 1.16316
4 64 1.55018
4 65 1.59524
4 66 1.47561
4 67 0.529894
4 68 1.18638
4 69 0.869728
4 70 0.347676
4 71 1.73322
4 72 0.462178
4 73 1.01361
4 74 1.36662
4 75 1.21159
4 76 1.10194
4 77 1.60847
4 78 0.463925
4 79 0.891714
4 80 1.11661
4 81 1.75834
4 82 1.73043
4 83 0.973395
4 84 0.980206
4 85 1.86825
4 86 0.851552
4 87 0.65029
4 88 0.308185
4 89 0.654377
4 90 0.856999
4 91 2.0029
4 92 0.489447
4 93 2.19611
4 94 0.888008
4 95 0.585331
4 96 0.448634
4 97 0.573468
4 98 1.02494
4 99 0.201433
5 6 1.86667
5 7 0.401031
5 8 0.6697
5 9 0.488584
5 10 0.673927
5 11 0.931598
5 12 1.2438
5 13 0.397111
5 14 1.53354
5 15 1.41262
5 16 1.73428
5 17 0.174618
5 18 1.46227
5 19 1.13035
5 20 1.59829
5 21 0.663952
5 22 1.24169
5 23 1.26348
5 24 1.10068
5 25 1.26355
5 26 0.899136
5 27 1.52086
5 28 1.30401
5 29 1.61037
5 30 0.839526
5 31 0.711149
5 32 1.57586
5 33 0.355707
5 34 1.68616
5 35 0.310974
5 36 1.25391
5 37 1.26731
5 38 1.81608
5 39 0.69161
5 40 0.725882
5 41 0.933705
5 42 0.909444
5 43 0.150908
5 44 0.810368
5 45 1.11078
5 46 0.887188
5 47 1.42689
5 48 1.09201
5 49 0.666338
5 50 1.22398
5 51 1.07999
5 52 0.651195
5 53 0.324592
5 54 1.71522
5 55 0.400275
5 56 1.325
5 57 0.405088
5 58 0.977501
5 59 0.955232
5 60 0.924051
5 61 1.71144
5 62 0.821788
5 63 1.44196
5 64 1.66626
5 65 1.64296
5 66 1.13451
5 67 1.04661
5 68 0.606552
5 69 0.968692
5 70 0.272873
5 71 1.23235
5 72 0.667312
5 73 1.06953
5 74 1.41497
5 75 1.02485
5 76 0.559365
5 77 1.46383
5 78 0.851292
5 79 0.322458
5 80 0.560196
5 81 1.61246
5 82 1.61429
5 83 0.586395
5 84 0.48992
5 85 1.85008
5 86 1.0476
5 87 1.10055
5 88 0.339945
5 89 1.03877
5 90 0.469036
5 91 1.58686
5 92 1.03969
5 93 1.77386
5 94 0.786928
5 95 0.918267
5 96 0.133994
5 97 0.0919087
5 98 1.0168
5 99 0.618533
6 7 1.46603
6 8 1.79948
6 9 1.89307
6 10 1.86096
6 11 1.91469
6 12 0.861099
6 13 1.59487
6 14 0.749183
6 15 0.457016
6 16 1.09404
6 17 1.99672
6 18 0.503846
6 19 1.82076
6 20 0.713433
6 21 1.99362
6 22 1.19032
6 23 1.10957
6 24 0.782598
6 25 1.37733
6 26 1.0989
6 27 0.907772
6 28 0.600857
6 29 0.745792
6 30 1.2659
6 31 1.27047
6 32 0.406614
6 33 2.20978
6 34 0.781447
6 35 1.56941
6 36 1.17158
6 37 1.34609
6 38 0.292185
6 39 1.19966
6 40 1.79923
6 41 1.23063
6 42 1.58372
6 43 2.01477
6 44 1.91018
6 45 0.791573
6 46 1.38605
6 47 1.50127
6 48 0.827667
6 49 1.30375
6 50 0.716917
6 51 0.818794
6 52 1.22406
6 53 1.69591
6 54 0.272682
6 55 1.55589
6 56 0.720684
6 57 1.54944
6 58 1.56844
6 59 1.69801
6 60 1.1912
6 61 0.634946
6 62 1.42937
6 63 0.961206
6 64 0.436715
6 65 0.290022
6 66 1.11474
6 67 1.66193
6 68 1.97894
6 69 0.997592
6 70 1.73812
6 71 1.68467
6 72 1.40571
6 73 0.854839
6 74 0.502798
6 75 0.895583
6 76 2.26217
6 77 0.539308
6 78 1.47115
6 79 1.83051
6 80 1.79979
6 81 0.482462
6 82 0.403745
6 83 1.40212
6 84 2.29276
6 85 0.0566329
6 86 1.04392
6 87 1.48507
6 88 1.98642
6 89 1.36745
6 90 1.46742
6 91 1.4163
6 92 1.76832
6 93 1.51945
6 94 1.08039
6 95 1.34668
6 96 1.8597
6 97 1.95385
6 98 0.865857
6 99 1.66915
7 8 0.692973
7 9 0.620309
7 10 0.701642
7 11 0.953849
7 12 0.895402
7 13 0.301668
7 14 1.16688
7 15 1.01299
7 16 1.43628
7 17 0.544412
7 18 1.06689
7 19 1.04633
7 20 1.22861
7 21 0.795559
7 22 0.975738
7 23 0.976483
7 24 0.706776
7 25 1.02216
7 26 0.563886
7 27 1.19543
7 28 0.911689
7 29 1.26041
7 30 0.543638
7 31 0.382854
7 32 1.17915
7 33 0.750752
7 34 1.34115
7 35 0.141792
7 36 0.98302
7 37 1.01715
7 38 1.4248
7 39 0.304687
7 40 0.737033
7 41 0.662883
7 42 0.759445
7 43 0.548793
7 44 0.828794
7 45 0.714593
7 46 0.680319
7 47 1.23722
7 48 0.699598
7 49 0.368255
7 50 0.841203
7 51 0.683628
7 52 0.264817
7 53 0.348054
7 54 1.31621
7 55 0.255855
7 56 0.956753
7 57 0.223412
7 58 0.846684
7 59 0.849344
7 60 0.610436
7 61 1.34821
7 62 0.602676
7 63 1.1051
7 64 1.27389
7 65 1.2431
7 66 0.842568
7 67 0.914927
7 68 0.74922
7 69 0.594755
7 70 0.335551
7 71 1.11742
7 72 0.416895
7 73 0.678791
7 74 1.01657
7 75 0.645634
7 76 0.877841
7 77 1.08068
7 78 0.652858
7 79 0.4729
7 80 0.609472
7 81 1.23143
7 82 1.22613
7 83 0.338357
7 84 0.859138
7 85 1.45023
7 86 0.702785
7 87 0.900085
7 88 0.583464
7 89 0.798955
7 90 0.233691
7 91 1.36289
7 92 0.950199
7 93 1.55609
7 94 0.385924
7 95 0.666976
7 96 0.406429
7 97 0.487886
7 98 0.617958
7 99 0.542507
8 9 0.215678
8 10 1.30642
8 11 0.269969
8 12 0.977417
8 13 0.391865
8 14 1.74394
8 15 1.36394
8 16 1.28228
8 17 0.609139
8 18 1.54669
8 19 1.71701
8 20 1.79558
8 21 0.200351
8 22 0.792415
8 23 0.849497
8 24 1.04626
8 25 1.71089
8 26 0.702552
8 27 1.14961
8 28 1.20075
8 29 1.29288
8 30 1.22691
8 31 1.06091
8 32 1.63954
8 33 0.75534
8 34 1.34665
8 35 0.570988
8 36 0.811237
8 37 1.70391
8 38 1.64767
8 39 0.929193
8 40 0.0564639
8 41 0.584167
8 42 1.44472
8 43 0.751704
8 44 1.4439
8 45 1.22752
8 46 0.443835
8 47 0.841799
8 48 1.23623
8 49 0.537974
8 50 1.08257
8 51 1.1998
8 52 0.722863
8 53 0.381033
8 54 1.74248
8 55 0.437255
8 56 1.10638
8 57 0.884679
8 58 0.387441
8 59 1.5241
8 60 1.28247
8 61 1.42516
8 62 1.29545
8 63 1.73377
8 64 1.75742
8 65 1.66196
8 66 0.759298
8 67 1.59832
8 68 0.206556
8 69 1.20107
8 70 0.876067
8 71 0.593518
8 72 1.10983
8 73 1.22582
8 74 1.47499
8 75 0.914915
8 76 0.579073
8 77 1.28573
8 78 1.34454
8 79 0.349371
8 80 0.109713
8 81 1.40647
8 82 1.44497
8 83 0.458349
8 84 0.705028
8 85 1.76453
8 86 1.34338
8 87 1.59302
8 88 1.00964
8 89 1.49014
8 90 0.483542
8 91 1.03006
8 92 1.62126
8 93 1.1979
8 94 0.89785
8 95 1.35803
8 96 0.796119
8 97 0.726377
8 98 1.1241
8 99 1.19438
9 10 1.15246
9 11 0.450598
9 12 1.11181
9 13 0.338539
9 14 1.75092
9 15 1.44386
9 16 1.47246
9 17 0.401598
9 18 1.58984
9 19 1.58808
9 20 1.80762
9 21 0.183755
9 22 0.974236
9 23 1.02308
9 24 1.11746
9 25 1.63705
9 26 0.800189
9 27 1.31808
9 28 1.29281
9 29 1.44941
9 30 1.16345
9 31 1.003
9 32 1.69099
9 33 0.539679
9 34 1.50988
9 35 0.481136
9 36 0.991736
9 37 1.63384
9 38 1.76837
9 39 0.899469
9 40 0.26901
9 41 0.725825
9 42 1.33434
9 43 0.549431
9 44 1.29018
9 45 1.25167
9 46 0.608071
9 47 1.05414
9 48 1.25194
9 49 0.591354
9 50 1.18244
9 51 1.22196
9 52 0.729008
9 53 0.272417
9 54 1.8069
9 55 0.388169
9 56 1.2305
9 57 0.775132
9 58 0.595463
9 59 1.40128
9 60 1.23038
9 61 1.57533
9 62 1.20469
9 63 1.71393
9 64 1.80241
9 65 1.72755
9 66 0.918657
9 67 1.48336
9 68 0.13101
9 69 1.18721
9 70 0.726769
9 71 0.809096
9 72 1.02388
9 73 1.2373
9 74 1.52414
9 75 0.997523
9 76 0.394613
9 77 1.40256
9 78 1.24797
9 79 0.173053
9 80 0.124112
9 81 1.53392
9 82 1.56258
9 83 0.494962
9 84 0.498731
9 85 1.86302
9 86 1.31372
9 87 1.50099
9 88 0.824546
9 89 1.41137
9 90 0.464347
9 91 1.23919
9 92 1.4939
9 93 1.41046
9 94 0.907083
9 95 1.28056
9 96 0.621156
9 97 0.531666
9 98 1.14719
9 99 1.06405
10 11 1.57607
10 12 1.52923
10 13 0.943332
10 14 1.28724
10 15 1.46621
10 16 2.10274
10 17 0.822381
10 18 1.36949
10 19 0.477234
10 20 1.35527
10 21 1.33303
10 22 1.66763
10 23 1.65959
10 24 1.24491
10 25 0.774289
10 26 1.23326
10 27 1.84364
10 28 1.43462
10 29 1.87457
10 30 0.595865
10 31 0.614714
10 32 1.4823
10 33 0.895878
10 34 1.95996
10 35 0.765099
10 36 1.67303
10 37 0.791969
10 38 1.9157
10 39 0.752809
10 40 1.35977
10 41 1.35932
10 42 0.371945
10 43 0.68903
10 44 0.137855
10 45 1.08154
10 46 1.3814
10 47 1.93885
10 48 1.03962
10 49 1.06674
10 50 1.40925
10 51 1.05883
10 52 0.909201
10 53 0.926303
10 54 1.63574
10 55 0.913711
10 56 1.55297
10 57 0.4798
10 58 1.53668
10 59 0.344378
10 60 0.676191
10 61 1.93435
10 62 0.444671
10 63 1.1176
10 64 1.5278
10 65 1.58381
10 66 1.52673
10 67 0.446464
10 68 1.2763
10 69 0.865915
10 70 0.430369
10 71 1.80675
10 72 0.467078
10 73 1.01227
10 74 1.35843
10 75 1.24407
10 76 1.19617
10 77 1.62808
10 78 0.420498
10 79 0.979966
10 80 1.2018
10 81 1.77646
10 82 1.74412
10 83 1.03872
10 84 1.07371
10 85 1.86474
10 86 0.830092
10 87 0.580397
10 88 0.400524
10 89 0.60026
10 90 0.925418
10 91 2.06155
10 92 0.398587
10 93 2.25492
10 94 0.917073
10 95 0.547356
10 96 0.540804
10 97 0.667355
10 98 1.03415
10 99 0.198938
11 12 1.05969
11 13 0.65597
11 14 1.94654
11 15 1.50392
11 16 1.23744
11 17 0.851357
11 18 1.72082
11 19 1.98559
11 20 1.99358
11 21 0.317877
11 22 0.794368
11 23 0.866904
11 24 1.20526
11 25 1.96311
11 26 0.85175
11 27 1.16228
11 28 1.33123
11 29 1.32427
11 30 1.47777
11 31 1.31114
11 32 1.80418
11 33 0.966048
11 34 1.36336
11 35 0.837602
11 36 0.815043
11 37 1.95449
11 38 1.72904
11 39 1.16826
11 40 0.218915
11 41 0.687135
11 42 1.71021
11 43 1.00001
11 44 1.71363
11 45 1.42433
11 46 0.530791
11 47 0.723489
11 48 1.43953
11 49 0.742755
11 50 1.20775
11 51 1.39883
11 52 0.948056
11 53 0.651001
11 54 1.89222
11 55 0.698614
11 56 1.19811
11 57 1.15201
11 58 0.358562
11 59 1.79195
11 60 1.52758
11 61 1.46433
11 62 1.55606
11 63 1.95597
11 64 1.92667
11 65 1.81171
11 66 0.813313
11 67 1.86452
11 68 0.366883
11 69 1.42581
11 70 1.14571
11 71 0.432655
11 72 1.37005
11 73 1.43255
11 74 1.64467
11 75 1.06747
11 76 0.720463
11 77 1.38151
11 78 1.60671
11 79 0.60914
11 80 0.375021
11 81 1.48336
11 82 1.53524
11 83 0.682139
11 84 0.877563
11 85 1.87411
11 86 1.57575
11 87 1.85277
11 88 1.2708
11 89 1.74547
11 90 0.733195
11 91 0.923498
11 92 1.88971
11 93 1.06489
11 94 1.11453
11 95 1.61361
11 96 1.0608
11 97 0.981162
11 98 1.32417
11 99 1.46368
12 13 0.880117
12 14 1.10414
12 15 0.504678
12 16 0.587319
12 17 1.32415
12 18 0.795267
12 19 1.71606
12 20 1.12645
12 21 1.17737
12 22 0.353745
12 23 0.280134
12 24 0.357377
12 25 1.43915
12 26 0.344907
12 27 0.316108
12 28 0.332548
12 29 0.367109
12 30 1.05393
12 31 0.944509
12 32 0.84033
12 33 1.53607
12 34 0.445981
12 35 0.935815
12 36 0.338965
12 37 1.41588
12 38 0.673064
12 39 0.781729
12 40 0.967012
12 41 0.393265
12 42 1.41336
12 43 1.39224
12 44 1.63152
12 45 0.658819
12 46 0.540496
12 47 0.706453
12 48 0.702305
12 49 0.580734
12 50 0.225344
12 51 0.653457
12 52 0.63735
12 53 0.981478
12 54 0.886133
12 55 0.857429
12 56 0.140454
12 57 1.07744
12 58 0.708489
12 59 1.53334
12 60 1.0356
12 61 0.47254
12 62 1.21889
12 63 1.21088
12 64 0.966237
12 65 0.809978
12 66 0.253918
12 67 1.55093
12 68 1.17346
12 69 0.818212
12 70 1.22923
12 71 0.835304
12 72 1.08803
12 73 0.716055
12 74 0.714077
12 75 0.291987
12 76 1.50329
12 77 0.322916
12 78 1.27802
12 79 1.09716
12 80 1.0014
12 81 0.429541
12 82 0.475676
12 83 0.671557
12 84 1.5734
12 85 0.817584
12 86 0.971508
12 87 1.4348
12 88 1.47881
12 89 1.29592
12 90 0.777793
12 91 0.699761
12 92 1.63151
12 93 0.867968
12 94 0.617802
12 95 1.1987
12 96 1.29035
12 97 1.33554
12 98 0.614101
12 99 1.33587
13 14 1.41276
13 15 1.13938
13 16 1.34106
13 17 0.445346
13 18 1.26131
13 19 1.33177
13 20 1.46993
13 21 0.502241
13 22 0.845561
13 23 0.870531
13 24 0.812357
13 25 1.32272
13 26 0.539326
13 27 1.13816
13 28 1.00198
13 29 1.2413
13 30 0.841169
13 31 0.676814
13 32 1.3657
13 33 0.655987
13 34 1.31271
13 35 0.183043
13 36 0.858277
13 37 1.31692
13 38 1.49973
13 39 0.562336
13 40 0.437674
13 41 0.541429
13 42 1.05427
13 43 0.532498
13 44 1.07852
13 45 0.91809
13 46 0.490823
13 47 1.0381
13 48 0.916068
13 49 0.30414
13 50 0.902763
13 51 0.887946
13 52 0.3954
13 53 0.103167
13 54 1.48797
13 55 0.0499677
13 56 0.978789
13 57 0.497152
13 58 0.602625
13 59 1.13703
13 60 0.90219
13 61 1.35261
13 62 0.90368
13 63 1.37679
13 64 1.47363
13 65 1.40986
13 66 0.744255
13 67 1.20857
13 68 0.460755
13 69 0.848824
13 70 0.520542
13 71 0.868999
13 72 0.718225
13 73 0.900597
13 74 1.19879
13 75 0.706808
13 76 0.668956
13 77 1.1362
13 78 0.952686
13 79 0.235831
13 80 0.309012
13 81 1.27806
13 82 1.29368
13 83 0.208777
13 84 0.704671
13 85 1.56953
13 86 0.977878
13 87 1.20134
13 88 0.708673
13 89 1.10032
13 90 0.130772
13 91 1.19209
13 92 1.23569
13 93 1.38064
13 94 0.57182
13 95 0.968265
13 96 0.489806
13 97 0.482904
13 98 0.813987
13 99 0.813259
14 15 0.641298
14 16 1.59413
14 17 1.69797
14 18 0.332206
14 19 1.12614
14 20 0.0684463
14 21 1.90297
14 22 1.44586
14 23 1.38011
14 24 0.786726
14 25 0.653219
14 26 1.11676
14 27 1.33232
14 28 0.781326
14 29 1.23502
14 30 0.730326
14 31 0.825035
14 32 0.364438
14 33 1.88756
14 34 1.30735
14 35 1.30458
14 36 1.4345
14 37 0.621921
14 38 0.958118
14 39 0.863425
14 40 1.76694
14 41 1.31042
14 42 0.946096
14 43 1.66027
14 44 1.29709
14 45 0.522568
14 46 1.45088
14 47 1.80527
14 48 0.508221
14 49 1.20903
14 50 0.878904
14 51 0.547719
14 52 1.02623
14 53 1.4932
14 54 0.476501
14 55 1.3636
14 56 1.00309
14 57 1.1395
14 58 1.6696
14 59 1.04271
14 60 0.639437
14 61 1.19323
14 62 0.845958
14 63 0.217235
14 64 0.314789
14 65 0.477416
14 66 1.30987
14 67 0.983147
14 68 1.86839
14 69 0.572137
14 70 1.32015
14 71 1.87833
14 72 0.908047
14 73 0.518173
14 74 0.404478
14 75 0.91926
14 76 2.04465
14 77 0.911946
14 78 0.866969
14 79 1.62872
14 80 1.69883
14 81 0.986753
14 82 0.905025
14 83 1.28586
14 84 2.01756
14 85 0.782928
14 86 0.493482
14 87 0.796451
14 88 1.52941
14 89 0.707765
14 90 1.2873
14 91 1.80035
14 92 1.09204
14 93 1.95679
14 94 0.848199
14 95 0.740031
14 96 1.47557
14 97 1.60325
14 98 0.622582
14 99 1.12447
15 16 0.952844
15 17 1.54015
15 18 0.311149
15 19 1.50818
15 20 0.649226
15 21 1.55358
15 22 0.858419
15 23 0.78366
15 24 0.327475
15 25 1.12604
15 26 0.662036
15 27 0.693172
15 28 0.177239
15 29 0.595743
15 30 0.886877
15 31 0.855948
15 32 0.336908
15 33 1.75357
15 34 0.671384
15 35 1.11307
15 36 0.843405
15 37 1.09738
15 38 0.449983
15 39 0.760417
15 40 1.36895
15 41 0.817915
15 42 1.23618
15 43 1.56158
15 44 1.53361
15 45 0.38831
15 46 0.973831
15 47 1.20786
15 48 0.434311
15 49 0.852664
15 50 0.300961
15 51 0.408338
15 52 0.767357
15 53 1.23988
15 54 0.390538
15 55 1.09965
15 56 0.38047
15 57 1.11195
15 58 1.17441
15 59 1.35689
15 60 0.828059
15 61 0.570991
15 62 1.05997
15 63 0.794585
15 64 0.462085
15 65 0.311141
15 66 0.746166
15 67 1.34148
15 68 1.53523
15 69 0.607602
15 70 1.29771
15 71 1.33357
15 72 1.00021
15 73 0.46078
15 74 0.23718
15 75 0.449626
15 76 1.80767
15 77 0.271065
15 78 1.11011
15 79 1.37519
15 80 1.35562
15 81 0.367788
15 82 0.30292
15 83 0.950192
15 84 1.83583
15 85 0.437489
15 86 0.702981
15 87 1.18414
15 88 1.54989
15 89 1.05103
15 90 1.01123
15 91 1.1768
15 92 1.44071
15 93 1.32342
15 94 0.629176
15 95 0.996718
15 96 1.41147
15 97 1.50072
15 98 0.435771
15 99 1.26878
16 17 1.77662
16 18 1.26302
16 19 2.30332
16 20 1.59957
16 21 1.47004
16 22 0.501791
16 23 0.470825
16 24 0.933288
16 25 2.01143
16 26 0.874546
16 27 0.277956
16 28 0.831831
16 29 0.365924
16 30 1.64109
16 31 1.53011
16 32 1.2655
16 33 1.97412
16 34 0.313218
16 35 1.44491
16 36 0.48639
16 37 1.98653
16 38 0.807616
16 39 1.36399
16 40 1.24818
16 41 0.800596
16 42 2.00063
16 43 1.87352
16 44 2.21047
16 45 1.22193
16 46 0.872491
16 47 0.558508
16 48 1.26869
16 49 1.08048
16 50 0.774492
16 51 1.22198
16 52 1.19592
16 53 1.4308
16 54 1.24744
16 55 1.33401
16 56 0.621432
16 57 1.63722
16 58 0.90546
16 59 2.12046
16 60 1.62049
16 61 0.459123
16 62 1.80612
16 63 1.7381
16 64 1.37807
16 65 1.19055
16 66 0.60098
16 67 2.13798
16 68 1.48794
16 69 1.39936
16 70 1.77088
16 71 0.843205
16 72 1.6718
16 73 1.28596
16 74 1.18991
16 75 0.878951
16 76 1.85971
16 77 0.682412
16 78 1.8653
16 79 1.51663
16 80 1.34882
16 81 0.637213
16 82 0.726143
16 83 1.14946
16 84 1.96927
16 85 1.03777
16 86 1.54699
16 87 2.0184
16 88 2.0097
16 89 1.87928
16 90 1.27071
16 91 0.388645
16 92 2.2188
16 93 0.433139
16 94 1.2017
16 95 1.7851
16 96 1.80519
16 97 1.82271
16 98 1.19229
16 99 1.91308
17 18 1.61125
17 19 1.28919
17 20 1.76186
17 21 0.555029
17 22 1.27632
17 23 1.3083
17 24 1.22021
17 25 1.43781
17 26 0.981089
17 27 1.58226
17 28 1.4196
17 29 1.68648
17 30 1.01227
17 31 0.879529
17 32 1.72321
17 33 0.215125
17 34 1.75804
17 35 0.427492
17 36 1.29069
17 37 1.44178
17 38 1.92717
17 39 0.84555
17 40 0.665
17 41 0.982075
17 42 1.07952
17 43 0.152098
17 44 0.955598
17 45 1.25895
17 46 0.908936
17 47 1.41992
17 48 1.24368
17 49 0.744382
17 50 1.33026
17 51 1.22797
17 52 0.7728
17 53 0.347829
17 54 1.85873
17 55 0.467184
17 56 1.41789
17 57 0.578127
17 58 0.96034
17 59 1.11975
17 60 1.09575
17 61 1.79628
17 62 0.996239
17 63 1.61249
17 64 1.81818
17 65 1.78453
17 66 1.18551
17 67 1.21334
17 68 0.497992
17 69 1.12934
17 70 0.444081
17 71 1.19742
17 72 0.841344
17 73 1.22241
17 74 1.55989
17 75 1.13109
17 76 0.386729
17 77 1.568
17 78 1.02503
17 79 0.272774
17 80 0.502109
17 81 1.71336
17 82 1.72264
17 83 0.652846
17 84 0.319831
17 85 1.97683
17 86 1.21577
17 87 1.27328
17 88 0.44882
17 89 1.21326
17 90 0.55054
17 91 1.59282
17 92 1.20063
17 93 1.77369
17 94 0.92436
17 95 1.09287
17 96 0.289102
17 97 0.155336
17 98 1.16146
17 99 0.786107
18 19 1.31858
18 20 0.338232
18 21 1.72298
18 22 1.1455
18 23 1.07499
18 24 0.518605
18 25 0.887663
18 26 0.870293
18 27 1.00422
18 28 0.464223
18 29 0.902925
18 30 0.773995
18 31 0.803332
18 32 0.11624
18 33 1.81629
18 34 0.975189
18 35 1.19075
18 36 1.1323
18 37 0.856991
18 38 0.653272
18 39 0.771291
18 40 1.56117
18 41 1.05222
18 42 1.08064
18 43 1.60324
18 44 1.41139
18 45 0.352306
18 46 1.20239
18 47 1.50159
18 48 0.371334
18 49 1.01098
18 50 0.573823
18 51 0.383284
18 52 0.866406
18 53 1.35378
18 54 0.267696
18 55 1.21542
18 56 0.683218
18 57 1.10443
18 58 1.41541
18 59 1.1943
18 60 0.694406
18 61 0.862884
18 62 0.931516
18 63 0.505575
18 64 0.21257
18 65 0.216287
18 66 1.01934
18 67 1.1586
18 68 1.69604
18 69 0.521824
18 70 1.29443
18 71 1.60158
18 72 0.926833
18 73 0.395428
18 74 0.0815399
18 75 0.65736
18 76 1.92295
18 77 0.580609
18 78 0.970726
18 79 1.49218
18 80 1.519
18 81 0.656204
18 82 0.57649
18 83 1.10029
18 84 1.92365
18 85 0.520315
18 86 0.543561
18 87 0.983467
18 88 1.53197
18 89 0.863845
18 90 1.13072
18 91 1.48253
18 92 1.26468
18 93 1.63307
18 94 0.694556
18 95 0.844888
18 96 1.43235
18 97 1.54305
18 98 0.451818
18 99 1.18257
19 20 1.18703
19 21 1.77158
19 22 1.92996
19 23 1.90401
19 24 1.37928
19 25 0.482955
19 26 1.48248
19 27 2.02885
19 28 1.53292
19 29 2.01929
19 30 0.662337
19 31 0.785059
19 32 1.4155
19 33 1.373
19 34 2.10541
19 35 1.14891
19 36 1.93078
19 37 0.51248
19 38 1.94582
19 39 0.959902
19 40 1.76668
19 41 1.64552
19 42 0.306517
19 43 1.16239
19 44 0.366286
19 45 1.13062
19 46 1.70418
19 47 2.24256
19 48 1.08187
19 49 1.3739
19 50 1.54636
19 51 1.11893
19 52 1.17576
19 53 1.33863
19 54 1.56208
19 55 1.29288
19 56 1.70115
19 57 0.834662
19 58 1.88835
19 59 0.197722
19 60 0.69273
19 61 2.04744
19 62 0.500221
19 63 0.91689
19 64 1.42125
19 65 1.53079
19 66 1.77889
19 67 0.16792
19 68 1.71652
19 69 0.921054
19 70 0.86507
19 71 2.15779
19 72 0.661852
19 73 1.05784
19 74 1.33632
19 75 1.42511
19 76 1.66888
19 77 1.72708
19 78 0.440311
19 79 1.4155
19 80 1.6192
19 81 1.86182
19 82 1.80905
19 83 1.37457
19 84 1.55049
19 85 1.83887
19 86 0.805204
19 87 0.335937
19 88 0.877756
19 89 0.458707
19 90 1.27977
19 91 2.33528
19 92 0.0961969
19 93 2.52604
19 94 1.11167
19 95 0.522657
19 96 1.00154
19 97 1.13592
19 98 1.12695
19 99 0.524495
20 21 1.95741
20 22 1.47232
20 23 1.40454
20 24 0.820541
20 25 0.710684
20 26 1.15758
20 27 1.34239
20 28 0.798855
20 29 1.23747
20 30 0.798419
20 31 0.89096
20 32 0.347887
20 33 1.95271
20 34 1.30715
20 35 1.36545
20 36 1.46022
20 37 0.6796
20 38 0.937033
20 39 0.924485
20 40 1.81724
20 41 1.34927
20 42 1.0126
20 43 1.72604
20 44 1.36398
20 45 0.569708
20 46 1.49233
20 47 1.83077
20 48 0.55954
20 49 1.25914
20 50 0.902134
20 51 0.596348
20 52 1.08093
20 53 1.55193
20 54 0.442169
20 55 1.42102
20 56 1.01957
20 57 1.20567
20 58 1.7102
20 59 1.10784
20 60 0.707565
20 61 1.18806
20 62 0.91429
20 63 0.271997
20 64 0.276815
20 65 0.453867
20 66 1.33965
20 67 1.04642
20 68 1.92382
20 69 0.634077
20 70 1.38705
20 71 1.91333
20 72 0.975868
20 73 0.571544
20 74 0.416175
20 75 0.955556
20 76 2.10602
20 77 0.917477
20 78 0.934915
20 79 1.68803
20 80 1.75296
20 81 0.982584
20 82 0.898533
20 83 1.33815
20 84 2.08126
20 85 0.750678
20 86 0.560807
20 87 0.859407
20 88 1.59742
20 89 0.773831
20 90 1.34349
20 91 1.81869
20 92 1.15522
20 93 1.97103
20 94 0.902513
20 95 0.808167
20 96 1.54186
20 97 1.66877
20 98 0.671876
20 99 1.19291
21 22 0.986748
21 23 1.04645
21 24 1.23205
21 25 1.81595
21 26 0.894875
21 27 1.34716
21 28 1.39354
21 29 1.49241
21 30 1.33913
21 31 1.17667
21 32 1.81951
21 33 0.65028
21 34 1.54507
21 35 0.659021
21 36 1.00601
21 37 1.81195
21 38 1.84678
21 39 1.06357
21 40 0.222831
21 41 0.78411
21 42 1.51779
21 43 0.706884
21 44 1.47056
21 45 1.39406
21 46 0.643926
21 47 1.00176
21 48 1.39854
21 49 0.712436
21 50 1.27707
21 51 1.36525
21 52 0.876755
21 53 0.450519
21 54 1.9276
21 55 0.55207
21 56 1.30544
21 57 0.957915
21 58 0.565838
21 59 1.58502
21 60 1.40319
21 61 1.62521
21 62 1.38597
21 63 1.87714
21 64 1.93491
21 65 1.84737
21 66 0.959122
21 67 1.66705
21 68 0.0576436
21 69 1.34667
21 70 0.909262
21 71 0.728811
21 72 1.20401
21 73 1.38587
21 74 1.65366
21 75 1.10395
21 76 0.411034
21 77 1.484
21 78 1.43009
21 79 0.356101
21 80 0.204754
21 81 1.60616
21 82 1.64352
21 83 0.623394
21 84 0.561101
21 85 1.9598
21 86 1.47959
21 87 1.6828
21 88 0.994083
21 89 1.59093
21 90 0.618736
21 91 1.19668
21 92 1.6775
21 93 1.35413
21 94 1.05498
21 95 1.45966
21 96 0.797687
21 97 0.697509
21 98 1.28969
21 99 1.24768
22 23 0.0809282
22 24 0.668394
22 25 1.71527
22 26 0.447538
22 27 0.368181
22 28 0.685488
22 29 0.531522
22 30 1.2828
22 31 1.14511
22 32 1.19389
22 33 1.47246
22 34 0.569261
22 35 0.963827
22 36 0.020779
22 37 1.69519
22 38 0.964516
22 39 0.970057
22 40 0.764015
22 41 0.314845
22 42 1.62347
22 43 1.37747
22 44 1.78591
22 45 0.968478
22 46 0.370755
22 47 0.359864
22 48 1.00613
22 49 0.608439
22 50 0.571726
22 51 0.9565
22 52 0.764634
22 53 0.932052
22 54 1.23769
22 55 0.842752
22 56 0.485283
22 57 1.19007
22 58 0.438461
22 59 1.73727
22 60 1.28485
22 61 0.673028
22 62 1.43103
22 63 1.53541
22 64 1.3199
22 65 1.16249
22 66 0.153295
22 67 1.77183
22 68 0.998966
22 69 1.08917
22 70 1.30338
22 71 0.49464
22 72 1.27296
22 73 1.01439
22 74 1.06401
22 75 0.555079
22 76 1.3649
22 77 0.654854
22 78 1.49094
22 79 1.01493
22 80 0.851393
22 81 0.722029
22 82 0.789289
22 83 0.663893
22 84 1.46918
22 85 1.14228
22 86 1.25125
22 87 1.68147
22 88 1.53172
22 89 1.54607
22 90 0.78693
22 91 0.405676
22 92 1.83917
22 93 0.596186
22 94 0.823355
22 95 1.43376
22 96 1.32098
22 97 1.32845
22 98 0.902169
22 99 1.48871
23 24 0.610388
23 25 1.67196
23 26 0.428043
23 27 0.30102
23 28 0.612674
23 29 0.457374
23 30 1.25078
23 31 1.11928
23 32 1.11997
23 33 1.50884
23 34 0.500739
23 35 0.976314
23 36 0.0621156
23 37 1.65092
23 38 0.88413
23 39 0.945627
23 40 0.824524
23 41 0.329775
23 42 1.59764
23 43 1.40288
23 44 1.77443
23 45 0.913074
23 46 0.415097
23 47 0.426621
23 48 0.95261
23 49 0.613969
23 50 0.502441
23 51 0.902949
23 52 0.751327
23 53 0.961465
23 54 1.16023
23 55 0.863209
23 56 0.407588
23 57 1.18548
23 58 0.509018
23 59 1.71337
23 60 1.24758
23 61 0.59771
23 62 1.40395
23 63 1.47659
23 64 1.24565
23 65 1.08566
23 66 0.133917
23 67 1.74367
23 68 1.05555
23 69 1.04516
23 70 1.30847
23 71 0.575552
23 72 1.2518
23 73 0.962481
23 74 0.993679
23 75 0.506013
23 76 1.41617
23 77 0.574768
23 78 1.46391
23 79 1.05236
23 80 0.901733
23 81 0.64128
23 82 0.708369
23 83 0.679224
23 84 1.51398
23 85 1.06141
23 86 1.20562
23 87 1.64626
23 88 1.54291
23 89 1.50954
23 90 0.801058
23 91 0.442993
23 92 1.8146
23 93 0.626746
23 94 0.793001
23 95 1.40082
23 96 1.33602
23 97 1.3519
23 98 0.852384
23 99 1.47646
24 25 1.08242
24 26 0.353511
24 27 0.655646
24 28 0.20523
24 29 0.642443
24 30 0.719119
24 31 0.634774
24 32 0.599007
24 33 1.43469
24 34 0.728822
24 35 0.795266
24 36 0.659396
24 37 1.05884
24 38 0.718159
24 39 0.497048
24 40 1.05533
24 41 0.533995
24 42 1.08229
24 43 1.25107
24 44 1.33278
24 45 0.303612
24 46 0.683846
24 47 1.02774
24 48 0.345553
24 49 0.526107
24 50 0.168207
24 51 0.296392
24 52 0.449787
24 53 0.913314
24 54 0.696236
24 55 0.773362
24 56 0.321925
24 57 0.837081
24 58 0.89717
24 59 1.20403
24 60 0.689775
24 61 0.689869
24 62 0.890401
24 63 0.867077
24 64 0.721562
24 65 0.615771
24 66 0.525864
24 67 1.21223
24 68 1.2115
24 69 0.466224
24 70 1.01379
24 71 1.09279
24 72 0.783449
24 73 0.358702
24 74 0.440462
24 75 0.138772
24 76 1.48031
24 77 0.38699
24 78 0.947741
24 79 1.04809
24 80 1.03199
24 81 0.538143
24 82 0.521973
24 83 0.62313
24 84 1.51115
24 85 0.758651
24 86 0.615375
24 87 1.08571
24 88 1.26891
24 89 0.946555
24 90 0.684887
24 91 1.04866
24 92 1.29885
24 93 1.22267
24 94 0.340666
24 95 0.857337
24 96 1.11199
24 97 1.19058
24 98 0.259054
24 99 1.04646
25 26 1.2868
25 27 1.73362
25 28 1.19198
25 29 1.68971
25 30 0.485387
25 31 0.652012
25 32 0.971415
25 33 1.57944
25 34 1.77309
25 35 1.15693
25 36 1.71117
25 37 0.0314402
25 38 1.53704
25 39 0.805704
25 40 1.75125
25 41 1.47588
25 42 0.403637
25 43 1.34738
25 44 0.733087
25 45 0.790004
25 46 1.57333
25 47 2.05956
25 48 0.742804
25 49 1.25471
25 50 1.23695
25 51 0.789525
25 52 1.03848
25 53 1.36564
25 54 1.10991
25 55 1.27509
25 56 1.39054
25 57 0.873954
25 58 1.78285
25 59 0.452449
25 60 0.445662
25 61 1.69186
25 62 0.442258
25 63 0.438743
25 64 0.959282
25 65 1.08932
25 66 1.56244
25 67 0.365975
25 68 1.76754
25 69 0.626809
25 70 0.996583
25 71 2.03805
25 72 0.614159
25 73 0.72566
25 74 0.921844
25 75 1.16668
25 76 1.8223
25 77 1.37471
25 78 0.414552
25 79 1.47695
25 80 1.63141
25 81 1.49288
25 82 1.42778
25 83 1.29007
25 84 1.74227
25 85 1.40197
25 86 0.467959
25 87 0.194352
25 88 1.1226
25 89 0.226887
25 90 1.23032
25 91 2.1149
25 92 0.46874
25 93 2.29659
25 94 0.910513
25 95 0.356494
25 96 1.15998
25 97 1.303
25 98 0.825314
25 99 0.682721
26 27 0.632301
26 28 0.498694
26 29 0.711242
26 30 0.838955
26 31 0.697826
26 32 0.952477
26 33 1.1941
26 34 0.787724
26 35 0.592308
26 36 0.449021
26 37 1.26898
26 38 0.97009
26 39 0.522606
26 40 0.706968
26 41 0.197582
26 42 1.17601
26 43 1.04736
26 44 1.34669
26 45 0.598959
26 46 0.334849
26 47 0.774436
26 48 0.625048
26 49 0.236716
26 50 0.383368
26 51 0.578402
26 52 0.324085
26 53 0.64186
26 54 1.04491
26 55 0.513914
26 56 0.440027
26 57 0.763044
26 58 0.552868
26 59 1.28976
26 60 0.847703
26 61 0.815563
26 62 0.983914
26 63 1.16256
26 64 1.07498
26 65 0.964244
26 66 0.297904
26 67 1.32489
26 68 0.880389
26 69 0.669434
26 70 0.899413
26 71 0.773492
26 72 0.825885
26 73 0.625551
26 74 0.793298
26 75 0.216214
26 76 1.18266
26 77 0.604197
26 78 1.04378
26 79 0.763714
26 80 0.701672
26 81 0.741391
26 82 0.76381
26 83 0.330787
26 84 1.23988
26 85 1.06605
26 86 0.833063
26 87 1.23987
26 88 1.14404
26 89 1.10652
26 90 0.43304
26 91 0.852826
26 92 1.39163
26 93 1.04372
26 94 0.380525
26 95 0.990363
26 96 0.949472
26 97 0.99081
26 98 0.510169
26 99 1.04865
27 28 0.559378
27 29 0.175759
27 30 1.36653
27 31 1.26039
27 32 1.01844
27 33 1.78819
27 34 0.201096
27 35 1.22022
27 36 0.34764
27 37 1.70884
27 38 0.645266
27 39 1.09772
27 40 1.12545
27 41 0.602704
27 42 1.72739
27 43 1.66552
27 44 1.94722
27 45 0.944391
27 46 0.710939
27 47 0.603128
27 48 0.990971
27 49 0.855624
27 50 0.496676
27 51 0.944124
27 52 0.944395
27 53 1.23454
27 54 1.01985
27 55 1.12373
27 56 0.344539
27 57 1.38653
27 58 0.806564
27 59 1.84782
27 60 1.34384
27 61 0.317099
27 62 1.5332
27 63 1.46768
27 64 1.13671
27 65 0.955506
27 66 0.401265
27 67 1.86295
27 68 1.35527
27 69 1.12184
27 70 1.53091
27 71 0.83123
27 72 1.40414
27 73 1.00807
27 74 0.928165
27 75 0.607597
27 76 1.71229
27 77 0.429229
27 78 1.59206
27 79 1.33548
27 80 1.19822
27 81 0.426113
27 82 0.510436
27 83 0.935661
27 84 1.80387
27 85 0.854157
27 86 1.26904
27 87 1.74115
27 88 1.77633
27 89 1.602
27 90 1.05197
27 91 0.509868
27 92 1.94537
27 93 0.63465
27 94 0.933901
27 95 1.50933
27 96 1.57971
27 97 1.61147
27 98 0.914548
27 99 1.65113
28 29 0.497738
28 30 0.88394
28 31 0.820346
28 32 0.508724
28 33 1.63452
28 34 0.581525
28 35 0.996871
28 36 0.671261
28 37 1.16547
28 38 0.513112
28 39 0.695231
28 40 1.20287
28 41 0.644233
28 42 1.24504
28 43 1.45462
28 44 1.51572
28 45 0.40683
28 46 0.800513
28 47 1.03876
28 48 0.45572
28 49 0.705457
28 50 0.124334
28 51 0.414854
28 52 0.652824
28 53 1.10432
28 54 0.567249
28 55 0.965779
28 56 0.221846
28 57 1.03984
28 58 0.998363
28 59 1.36719
28 60 0.840597
28 61 0.514745
28 62 1.05818
28 63 0.908354
28 64 0.634987
28 65 0.488227
28 66 0.569441
28 67 1.365
28 68 1.37818
28 69 0.612209
28 70 1.21822
28 71 1.15681
28 72 0.968978
28 73 0.477572
28 74 0.383647
28 75 0.296398
28 76 1.66574
28 77 0.195986
28 78 1.113
28 79 1.23643
28 80 1.19896
28 81 0.341858
28 82 0.31755
28 83 0.804239
28 84 1.705
28 85 0.570365
28 86 0.739235
28 87 1.22297
28 88 1.47321
28 89 1.08522
28 90 0.87762
28 91 1.01993
28 92 1.4578
28 93 1.17586
28 94 0.543675
28 95 1.01135
28 96 1.31715
28 97 1.39429
28 98 0.410565
28 99 1.23569
29 30 1.36111
29 31 1.27306
29 32 0.900468
29 33 1.89676
29 34 0.0863807
29 35 1.30286
29 36 0.510743
29 37 1.66312
29 38 0.473895
29 39 1.12184
29 40 1.27297
29 41 0.724227
29 42 1.72436
29 43 1.75837
29 44 1.96944
29 45 0.903007
29 46 0.849494
29 47 0.777763
29 48 0.951568
29 49 0.945667
29 50 0.47427
29 51 0.908467
29 52 0.999537
29 53 1.34124
29 54 0.882522
29 55 1.22113
29 56 0.322794
29 57 1.4354
29 58 0.966317
29 59 1.84622
29 60 1.32719
29 61 0.142548
29 62 1.53283
29 63 1.38857
29 64 1.0122
29 65 0.824685
29 66 0.533828
29 67 1.85172
29 68 1.4964
29 69 1.09979
29 70 1.59276
29 71 1.00552
29 72 1.42063
29 73 0.972137
29 74 0.832499
29 75 0.631949
29 76 1.84385
29 77 0.325257
29 78 1.59002
29 79 1.45127
29 80 1.3328
29 81 0.273366
29 82 0.361965
29 83 1.03384
29 84 1.92521
29 85 0.690839
29 86 1.23488
29 87 1.71664
29 88 1.84381
29 89 1.57811
29 90 1.14324
29 91 0.672492
29 92 1.94036
29 93 0.776402
29 94 0.957503
29 95 1.49665
29 96 1.65726
29 97 1.70203
29 98 0.892577
29 99 1.67806
30 31 0.166631
30 32 0.887492
30 33 1.18334
30 34 1.44744
30 35 0.68252
30 36 1.28181
30 37 0.477119
30 38 1.33616
30 39 0.328216
30 40 1.26644
30 41 1.01706
30 42 0.363245
30 43 0.95076
30 44 0.648596
30 45 0.498574
30 46 1.10096
30 47 1.61149
30 48 0.453128
30 49 0.776021
30 50 0.887003
30 51 0.480097
30 52 0.561315
30 53 0.891034
30 54 1.04082
30 55 0.792763
30 56 1.04093
30 57 0.434439
30 58 1.30532
30 59 0.485173
30 60 0.0909503
30 61 1.39766
30 62 0.174509
30 63 0.607089
30 64 0.93948
30 65 0.987966
30 66 1.12998
30 67 0.49707
30 68 1.29277
30 69 0.279285
30 70 0.59992
30 71 1.5655
30 72 0.179857
30 73 0.426303
30 74 0.76313
30 75 0.763535
30 76 1.38514
30 77 1.07985
30 78 0.229386
30 79 1.01008
30 80 1.15018
30 81 1.22129
30 82 1.17782
30 83 0.805985
30 84 1.32937
30 85 1.27123
30 86 0.242527
30 87 0.402157
30 88 0.799138
30 89 0.274766
30 90 0.745238
30 91 1.68818
30 92 0.579903
30 93 1.87648
30 94 0.459478
30 95 0.15147
30 96 0.76151
30 97 0.897505
30 98 0.473455
30 99 0.409803
31 32 0.919541
31 33 1.06338
31 34 1.35922
31 35 0.523748
31 36 1.14575
31 37 0.643573
31 38 1.30382
31 39 0.175497
31 40 1.10003
31 41 0.866999
31 42 0.478551
31 43 0.835241
31 44 0.698004
31 45 0.479409
31 46 0.942374
31 47 1.46395
31 48 0.443222
31 49 0.614554
31 50 0.801598
31 51 0.453564
31 52 0.402635
31 53 0.730881
31 54 1.0697
31 55 0.627996
31 56 0.950264
31 57 0.314882
31 58 1.14331
31 59 0.594381
31 60 0.227648
31 61 1.32437
31 62 0.286181
31 63 0.734184
31 64 0.9906
31 65 1.00777
31 66 0.993841
31 67 0.627266
31 68 1.13142
31 69 0.281782
31 70 0.499757
31 71 1.40577
31 72 0.148882
31 73 0.416307
31 74 0.775657
31 75 0.652813
31 76 1.24247
31 77 1.01456
31 78 0.345983
31 79 0.853963
31 80 0.985626
31 81 1.16219
31 82 1.12953
31 83 0.640452
31 84 1.19914
31 85 1.26836
31 86 0.336473
31 87 0.558949
31 88 0.729151
31 89 0.438386
31 90 0.578746
31 91 1.55061
31 92 0.695341
31 93 1.74108
31 94 0.329245
31 95 0.309221
31 96 0.651159
31 97 0.778439
31 98 0.421017
31 99 0.415852
32 33 1.9293
32 34 0.966315
32 35 1.30101
32 36 1.17929
32 37 0.940252
32 38 0.593714
32 39 0.885622
32 40 1.65157
32 41 1.12711
32 42 1.18654
32 43 1.71758
32 44 1.52117
32 45 0.465089
32 46 1.28013
32 47 1.54468
32 48 0.486488
32 49 1.10713
32 50 0.627635
32 51 0.495923
32 52 0.972104
32 53 1.45978
32 54 0.153451
32 55 1.32062
32 56 0.717247
32 57 1.22039
32 58 1.48916
32 59 1.29821
32 60 0.80638
32 61 0.842766
32 62 1.04244
32 63 0.564662
32 64 0.126455
32 65 0.118149
32 66 1.07643
32 67 1.25817
32 68 1.79441
32 69 0.637972
32 70 1.41044
32 71 1.66291
32 72 1.04231
32 73 0.510991
32 74 0.166975
32 75 0.736784
32 76 2.03
32 77 0.589241
32 78 1.07993
32 79 1.5981
32 80 1.61636
32 81 0.638789
32 82 0.553074
32 83 1.19873
32 84 2.03429
32 85 0.430969
32 86 0.653969
32 87 1.0796
32 88 1.64821
32 89 0.964733
32 90 1.23494
32 91 1.51107
32 92 1.3653
32 93 1.65242
32 94 0.803127
32 95 0.953065
32 96 1.54765
32 97 1.65728
32 98 0.562033
32 99 1.2967
33 34 1.96702
33 35 0.640509
33 36 1.48775
33 37 1.5867
33 38 2.1423
33 39 1.0466
33 40 0.807927
33 41 1.18605
33 42 1.20005
33 43 0.233822
33 44 1.018
33 45 1.4643
33 46 1.10231
33 47 1.59021
33 48 1.44671
33 49 0.957569
33 50 1.54536
33 51 1.43341
33 52 0.986479
33 53 0.55554
33 54 2.06695
33 55 0.680647
33 56 1.63189
33 57 0.751749
33 58 1.12953
33 59 1.22142
33 60 1.27036
33 61 2.00852
33 62 1.14442
33 63 1.78942
33 64 2.02124
33 65 1.99364
33 66 1.38915
33 67 1.32018
33 68 0.599174
33 69 1.32425
33 70 0.588624
33 71 1.3485
33 72 1.00648
33 73 1.42454
33 74 1.76726
33 75 1.34621
33 76 0.331617
33 77 1.78298
33 78 1.16514
33 79 0.457561
33 80 0.65742
33 81 1.92808
33 82 1.93775
33 83 0.864539
33 84 0.17954
33 85 2.19057
33 86 1.3992
33 87 1.40393
33 88 0.495717
33 89 1.36008
33 90 0.765013
33 91 1.77062
33 92 1.2912
33 93 1.94622
33 94 1.13436
33 95 1.24745
33 96 0.423972
33 97 0.286
33 98 1.36867
33 99 0.904441
34 35 1.38001
34 36 0.548698
34 37 1.74627
34 38 0.497748
34 39 1.20735
34 40 1.32399
34 41 0.787617
34 42 1.81069
34 43 1.83338
34 44 2.05539
34 45 0.987608
34 46 0.905349
34 47 0.779898
34 48 1.03628
34 49 1.02027
34 50 0.560644
34 51 0.993585
34 52 1.08149
34 53 1.41162
34 54 0.9383
34 55 1.29426
34 56 0.408977
34 57 1.51877
34 58 1.00758
34 59 1.93257
34 60 1.41318
34 61 0.147752
34 62 1.6192
34 63 1.46574
34 64 1.07437
34 65 0.8847
34 66 0.591297
34 67 1.9378
34 68 1.55161
34 69 1.18563
34 70 1.67436
34 71 1.02505
34 72 1.50671
34 73 1.05714
34 74 0.906928
34 75 0.716662
34 76 1.90448
34 77 0.403271
34 78 1.67638
34 79 1.51852
34 80 1.39151
34 81 0.329376
34 82 0.417802
34 83 1.10638
34 84 1.99059
34 85 0.725343
34 86 1.31973
34 87 1.802
34 88 1.92461
34 89 1.66357
34 90 1.21795
34 91 0.655001
34 92 2.02663
34 93 0.739412
34 94 1.0429
34 95 1.58276
34 96 1.73593
34 97 1.77761
34 98 0.978588
34 99 1.76367
35 36 0.973851
35 37 1.15313
35 38 1.50763
35 39 0.441151
35 40 0.618828
35 41 0.649643
35 42 0.873753
35 43 0.461621
35 44 0.899028
35 45 0.83922
35 46 0.634077
35 47 1.19161
35 48 0.828149
35 49 0.365475
35 50 0.913806
35 51 0.808253
35 52 0.346094
35 53 0.208896
35 54 1.43381
35 55 0.148689
35 56 1.01422
35 57 0.314498
35 58 0.772708
35 59 0.954515
35 60 0.751393
35 61 1.40149
35 62 0.729391
35 63 1.24657
35 64 1.40007
35 65 1.35879
35 66 0.844152
35 67 1.02738
35 68 0.611026
35 69 0.73269
35 70 0.351652
35 71 1.04211
35 72 0.545757
35 73 0.808783
35 74 1.13631
35 75 0.714463
35 76 0.74083
35 77 1.15346
35 78 0.776146
35 79 0.331108
35 80 0.480064
35 81 1.30173
35 82 1.3049
35 83 0.30026
35 84 0.733333
35 85 1.55009
35 86 0.844293
35 87 1.02708
35 88 0.567896
35 89 0.932029
35 90 0.17718
35 91 1.33323
35 92 1.05286
35 93 1.52474
35 94 0.498871
35 95 0.800649
35 96 0.360488
35 97 0.402766
35 98 0.739155
35 99 0.630356
36 37 1.69081
36 38 0.944504
36 39 0.970979
36 40 0.783347
36 41 0.324255
36 42 1.62426
36 43 1.3905
36 44 1.79047
36 45 0.960489
36 46 0.386887
36 47 0.37078
36 48 0.998751
36 49 0.616496
36 50 0.55881
36 51 0.949088
36 52 0.768275
36 53 0.945762
36 54 1.2214
36 55 0.854483
36 56 0.468777
36 57 1.19617
36 58 0.458937
36 59 1.7386
36 60 1.2824
36 61 0.652258
36 62 1.43144
36 63 1.52645
36 64 1.30517
36 65 1.14653
36 66 0.15201
36 67 1.77202
36 68 1.01776
36 69 1.0847
36 70 1.31185
36 71 0.513828
36 72 1.27489
36 73 1.00751
36 74 1.05087
36 75 0.548691
36 76 1.3829
36 77 0.636859
36 78 1.49138
36 79 1.0303
36 80 0.869114
36 81 0.702319
36 82 0.770148
36 83 0.674307
36 84 1.48606
36 85 1.12332
36 86 1.24636
36 87 1.6797
36 88 1.54166
36 89 1.5439
36 90 0.797198
36 91 0.406461
36 92 1.84035
36 93 0.595399
36 94 0.822577
36 95 1.43257
36 96 1.33174
36 97 1.34105
36 98 0.895888
36 99 1.49301
37 38 1.50684
37 39 0.793637
37 40 1.74356
37 41 1.45912
37 42 0.420279
37 43 1.35409
37 44 0.754988
37 45 0.76472
37 46 1.55875
37 47 2.04083
37 48 0.717866
37 49 1.24199
37 50 1.21218
37 51 0.765007
37 52 1.0257
37 53 1.362
37 54 1.07854
37 55 1.26894
37 56 1.36539
37 57 0.87458
37 58 1.76936
37 59 0.475254
37 60 0.432228
37 61 1.66394
37 62 0.445547
37 63 0.407721
37 64 0.927841
37 65 1.05819
37 66 1.54256
37 67 0.391477
37 68 1.76409
37 69 0.60611
37 70 1.00201
37 71 2.02319
37 72 0.612857
37 73 0.701306
37 74 0.89185
37 75 1.14526
37 76 1.8254
37 77 1.34727
37 78 0.421737
37 79 1.4751
37 80 1.62584
37 81 1.46447
37 82 1.39884
37 83 1.27947
37 84 1.7481
37 85 1.37088
37 86 0.445699
37 87 0.214617
37 88 1.13429
37 89 0.228559
37 90 1.22231
37 91 2.09391
37 92 0.495625
37 93 2.27489
37 94 0.894196
37 95 0.354551
37 96 1.16595
37 97 1.30876
37 98 0.80252
37 99 0.693752
38 39 1.1975
38 40 1.63932
38 41 1.06437
38 42 1.68174
38 43 1.96685
38 44 1.98347
38 45 0.83787
38 46 1.21354
38 47 1.24778
38 48 0.883078
38 49 1.197
38 50 0.597565
38 51 0.858319
38 52 1.1652
38 53 1.60285
38 54 0.508372
38 55 1.46703
38 56 0.541333
38 57 1.5468
38 58 1.37337
38 59 1.80151
38 60 1.27478
38 61 0.349999
38 62 1.50863
38 63 1.15426
38 64 0.66878
38 65 0.483169
38 66 0.915876
38 67 1.78069
38 68 1.83963
38 69 1.05704
38 70 1.72825
38 71 1.45629
38 72 1.4492
38 73 0.909855
38 74 0.6157
38 75 0.79617
38 76 2.15274
38 77 0.365967
38 78 1.55772
38 79 1.73055
38 80 1.66409
38 81 0.245774
38 82 0.206402
38 83 1.29529
38 84 2.20437
38 85 0.235679
38 86 1.14304
38 87 1.61604
38 88 1.98271
38 89 1.48713
38 90 1.37996
38 91 1.14562
38 92 1.88235
38 93 1.23706
38 94 1.05314
38 95 1.44171
38 96 1.83014
38 97 1.90667
38 98 0.882808
38 99 1.71791
39 40 0.963526
39 41 0.692253
39 42 0.653416
39 43 0.831987
39 44 0.850188
39 45 0.421432
39 46 0.77275
39 47 1.28885
39 48 0.400472
39 49 0.449291
39 50 0.658095
39 51 0.391076
39 52 0.233524
39 53 0.634006
39 54 1.02791
39 55 0.512371
39 56 0.800179
39 57 0.351572
39 58 0.978284
39 59 0.767875
39 60 0.361931
39 61 1.18353
39 62 0.461661
39 63 0.814547
39 64 0.974686
39 65 0.958239
39 66 0.819184
39 67 0.802751
39 68 1.02309
39 69 0.291702
39 70 0.538717
39 71 1.23737
39 72 0.308226
39 73 0.377952
39 74 0.727365
39 75 0.49273
39 76 1.18154
39 77 0.883753
39 78 0.52142
39 79 0.767274
39 80 0.864646
39 81 1.03441
39 82 1.01152
39 83 0.487793
39 84 1.16253
39 85 1.19028
39 86 0.416181
39 87 0.72916
39 88 0.789576
39 89 0.602773
39 90 0.447526
39 91 1.37543
39 92 0.869418
39 93 1.56616
39 94 0.164699
39 95 0.478002
39 96 0.664317
39 97 0.77176
39 98 0.334371
39 99 0.556387
40 41 0.575095
40 42 1.49188
40 43 0.808022
40 44 1.4971
40 45 1.24802
40 46 0.428064
40 47 0.794934
40 48 1.25874
40 49 0.558104
40 50 1.08292
40 51 1.22091
40 52 0.751384
40 53 0.433615
40 54 1.75072
40 55 0.481286
40 56 1.09878
40 57 0.933169
40 58 0.346507
40 59 1.57307
40 60 1.31963
40 61 1.40724
40 62 1.33968
40 63 1.76297
40 64 1.77086
40 65 1.67008
40 66 0.741031
40 67 1.64599
40 68 0.241581
40 69 1.23056
40 70 0.929528
40 71 0.540607
40 72 1.15378
40 73 1.24939
40 74 1.48812
40 75 0.921649
40 76 0.6192
40 77 1.27974
40 78 1.38964
40 79 0.405816
40 80 0.166134
40 81 1.39655
40 82 1.43817
40 83 0.48481
40 84 0.751611
40 85 1.76288
40 86 1.37575
40 87 1.63687
40 88 1.06581
40 89 1.53181
40 90 0.521335
40 91 0.985588
40 92 1.67079
40 93 1.15046
40 94 0.92393
40 95 1.39976
40 96 0.851866
40 97 0.782841
40 98 1.14537
40 99 1.24492
41 42 1.34045
41 43 1.07344
41 44 1.48067
41 45 0.795278
41 46 0.156345
41 47 0.597344
41 48 0.822336
41 49 0.294697
41 50 0.520623
41 51 0.775374
41 52 0.469891
41 53 0.634377
41 54 1.2075
41 55 0.533445
41 56 0.523691
41 57 0.880096
41 58 0.363204
41 59 1.44995
41 60 1.03325
41 61 0.849644
41 62 1.15209
41 63 1.36007
41 64 1.25178
41 65 1.12728
41 66 0.203433
41 67 1.49258
41 68 0.781059
41 69 0.863999
41 70 0.988706
41 71 0.575929
41 72 0.98395
41 73 0.823107
41 74 0.973193
41 75 0.3957
41 76 1.11994
41 77 0.705075
41 78 1.21135
41 79 0.73281
41 80 0.611458
41 81 0.822388
41 82 0.86314
41 83 0.35054
41 84 1.20305
41 85 1.19203
41 86 1.02729
41 87 1.41922
41 88 1.21742
41 89 1.28865
41 90 0.473181
41 91 0.702417
41 92 1.55257
41 93 0.895782
41 94 0.565505
41 95 1.16828
41 96 1.00806
41 97 1.02217
41 98 0.707685
41 99 1.18519
42 43 0.972787
42 44 0.352358
42 45 0.850694
42 46 1.40331
42 47 1.93773
42 48 0.803027
42 49 1.07265
42 50 1.25023
42 51 0.835541
42 52 0.871125
42 53 1.07332
42 54 1.33828
42 55 1.01219
42 56 1.40401
42 57 0.561752
42 58 1.59238
42 59 0.122167
42 60 0.408374
42 61 1.75947
42 62 0.194694
42 63 0.760773
42 64 1.21292
42 65 1.29672
42 66 1.47237
42 67 0.155935
42 68 1.46489
42 69 0.634349
42 70 0.636574
42 71 1.86045
42 72 0.358778
42 73 0.777434
42 74 1.08593
42 75 1.12176
42 76 1.46613
42 77 1.44063
42 78 0.135342
42 79 1.16479
42 80 1.35209
42 81 1.57989
42 82 1.53262
42 83 1.0789
42 84 1.36964
42 85 1.59573
42 86 0.54216
42 87 0.211745
42 88 0.726683
42 89 0.23958
42 90 0.990502
42 91 2.02883
42 92 0.218219
42 93 2.21953
42 94 0.805689
42 95 0.240099
42 96 0.792445
42 97 0.934693
42 98 0.835306
42 99 0.295988
43 44 0.818731
43 45 1.25294
43 46 1.01672
43 47 1.54449
43 48 1.23213
43 49 0.813117
43 50 1.37488
43 51 1.22234
43 52 0.801806
43 53 0.44774
43 54 1.85873
43 55 0.542014
43 56 1.4752
43 57 0.521473
43 58 1.08839
43 59 1.00153
43 60 1.03839
43 61 1.86088
43 62 0.911022
43 63 1.55742
43 64 1.80503
43 65 1.78742
43 66 1.27563
43 67 1.09835
43 68 0.649721
43 69 1.10185
43 70 0.354803
43 71 1.33359
43 72 0.773249
43 73 1.2089
43 74 1.55819
43 75 1.17573
43 76 0.507144
43 77 1.61472
43 78 0.932854
43 79 0.405731
43 80 0.642953
43 81 1.76328
43 82 1.76517
43 83 0.729882
43 84 0.396897
43 85 1.99894
43 86 1.16981
43 87 1.17411
43 88 0.302065
43 89 1.12703
43 90 0.61543
43 91 1.71115
43 92 1.07681
43 93 1.89544
43 94 0.934447
43 95 1.01368
43 96 0.190186
43 97 0.0609222
43 98 1.16097
43 99 0.67681
44 45 1.14566
44 46 1.50908
44 47 2.06503
44 48 1.10116
44 49 1.19022
44 50 1.49939
44 51 1.12541
44 52 1.02314
44 53 1.06354
44 54 1.67421
44 55 1.04772
44 56 1.64678
44 57 0.605504
44 58 1.66895
44 59 0.281264
44 60 0.719036
44 61 2.0223
44 62 0.480829
44 63 1.11302
44 64 1.55614
44 65 1.62743
44 66 1.64249
44 67 0.377029
44 68 1.41375
44 69 0.926767
44 70 0.567956
44 71 1.9394
44 72 0.54941
44 73 1.07413
44 74 1.40794
44 75 1.34284
44 76 1.32513
44 77 1.71091
44 78 0.441368
44 79 1.11776
44 80 1.33949
44 81 1.857
44 82 1.81949
44 83 1.16699
44 84 1.197
44 85 1.91779
44 86 0.86783
44 87 0.540486
44 88 0.52311
44 89 0.591922
44 90 1.056
44 91 2.18302
44 92 0.302995
44 93 2.37635
44 94 1.01477
44 95 0.569212
44 96 0.676831
44 97 0.800289
44 98 1.10871
44 99 0.298093
45 46 0.931006
45 47 1.32632
45 48 0.0490087
45 49 0.690107
45 50 0.44799
45 51 0.0309968
45 52 0.523052
45 53 1.00743
45 54 0.606535
45 55 0.870883
45 56 0.600671
45 57 0.763281
45 58 1.15044
45 59 0.972139
45 60 0.442429
45 61 0.91858
45 62 0.671894
45 63 0.569811
45 64 0.560884
45 65 0.537897
45 66 0.821992
45 67 0.96289
45 68 1.36319
45 69 0.219293
45 70 0.95329
45 71 1.36903
45 72 0.618397
45 73 0.0732696
45 74 0.306114
45 75 0.416967
45 76 1.57429
45 77 0.597895
45 78 0.722799
45 79 1.14564
45 80 1.18931
45 81 0.731323
45 82 0.681926
45 83 0.771748
45 84 1.57167
45 85 0.788977
45 86 0.332405
45 87 0.816479
45 88 1.19761
45 89 0.679229
45 90 0.7885
45 91 1.35225
45 92 1.05892
45 93 1.52585
45 94 0.346734
45 95 0.612653
45 96 1.08525
45 97 1.19253
45 98 0.104547
45 99 0.88558
46 47 0.558811
46 48 0.954167
46 49 0.330676
46 50 0.676963
46 51 0.908971
46 52 0.540054
46 53 0.569031
46 54 1.36304
46 55 0.497403
46 56 0.674996
46 57 0.903591
46 58 0.219712
46 59 1.50677
46 60 1.12776
46 61 0.981332
46 62 1.22157
46 63 1.48851
46 64 1.40419
46 65 1.28271
46 66 0.315678
46 67 1.55808
46 68 0.646947
46 69 0.977556
46 70 0.984819
46 71 0.464942
46 72 1.04455
46 73 0.952278
46 74 1.1242
46 75 0.545074
46 76 1.00167
46 77 0.857586
46 78 1.27938
46 79 0.644769
46 80 0.487351
46 81 0.969735
46 82 1.01441
46 83 0.342764
46 84 1.09974
46 85 1.34684
46 86 1.13862
46 87 1.50093
46 88 1.19508
46 89 1.37548
46 90 0.460272
46 91 0.702035
46 92 1.60939
46 93 0.892035
46 94 0.668014
46 95 1.25012
46 96 0.978316
46 97 0.970702
46 98 0.838118
46 99 1.22001
47 48 1.36277
47 49 0.876369
47 50 0.928891
47 51 1.31327
47 52 1.06681
47 53 1.1025
47 54 1.5778
47 55 1.0511
47 56 0.828477
47 57 1.45984
47 58 0.460891
47 59 2.04663
47 60 1.62212
47 61 0.915779
47 62 1.74933
47 63 1.8944
47 64 1.66987
47 65 1.5053
47 66 0.504643
47 67 2.08991
47 68 1.033
47 69 1.43668
47 70 1.54297
47 71 0.297746
47 72 1.58078
47 73 1.36987
47 74 1.42029
47 75 0.910649
47 76 1.41089
47 77 0.982768
47 78 1.80865
47 79 1.14717
47 80 0.933236
47 81 1.01979
47 82 1.098
47 83 0.901148
47 84 1.54634
47 85 1.4495
47 86 1.59996
47 87 2.01327
47 88 1.74672
47 89 1.88072
47 90 1.01898
47 91 0.200482
47 92 2.14931
47 93 0.35632
47 94 1.15473
47 95 1.76295
47 96 1.52783
47 97 1.50458
47 98 1.25633
47 99 1.77314
48 49 0.700809
48 50 0.49432
48 51 0.0496733
48 52 0.523215
48 53 1.00267
48 54 0.632199
48 55 0.868035
48 56 0.647751
48 57 0.735062
48 58 1.17387
48 59 0.924297
48 60 0.394656
48 61 0.967582
48 62 0.625725
48 63 0.53824
48 64 0.574657
48 65 0.566679
48 66 0.858137
48 67 0.914182
48 68 1.36596
48 69 0.174486
48 70 0.925245
48 71 1.39758
48 72 0.578816
48 73 0.0273767
48 74 0.333984
48 75 0.452167
48 76 1.56644
48 77 0.646899
48 78 0.675896
48 79 1.1404
48 80 1.19393
48 81 0.779981
48 82 0.729746
48 83 0.778613
48 84 1.55848
48 85 0.827302
48 86 0.283548
48 87 0.767485
48 88 1.16666
48 89 0.630221
48 90 0.787703
48 91 1.39309
48 92 1.01056
48 93 1.56817
48 94 0.344871
48 95 0.564545
48 96 1.06117
48 97 1.17204
48 98 0.116298
48 99 0.844677
49 50 0.601323
49 51 0.662838
49 52 0.216287
49 53 0.407192
49 54 1.21777
49 55 0.277201
49 56 0.674931
49 57 0.586981
49 58 0.529304
49 59 1.17663
49 60 0.809767
49 61 1.05218
49 62 0.891407
49 63 1.2134
49 64 1.22266
49 65 1.13797
49 66 0.480729
49 67 1.22741
49 68 0.688011
49 69 0.684896
49 70 0.695451
49 71 0.791531
49 72 0.713878
49 73 0.692056
49 74 0.941224
49 75 0.409063
49 76 0.960436
49 77 0.83265
49 78 0.948977
49 79 0.533688
49 80 0.509357
49 81 0.973941
49 82 0.990722
49 83 0.0988796
49 84 1.00779
49 85 1.27552
49 86 0.839001
49 87 1.17349
49 88 0.929414
49 89 1.05075
49 90 0.197691
49 91 0.995222
49 92 1.27931
49 93 1.18853
49 94 0.372153
49 95 0.923458
49 96 0.725899
49 97 0.757561
49 98 0.587267
49 99 0.896932
50 51 0.447498
50 52 0.577133
50 53 1.00579
50 54 0.691365
50 55 0.869511
50 56 0.155516
50 57 0.98954
50 58 0.87403
50 59 1.37204
50 60 0.855516
50 61 0.525446
50 62 1.05856
50 63 0.988105
50 64 0.75409
50 65 0.612102
50 66 0.448808
50 67 1.37908
50 68 1.26363
50 69 0.629809
50 70 1.16028
50 71 1.03548
50 72 0.949985
50 73 0.511495
50 74 0.492316
50 75 0.199497
50 76 1.56067
50 77 0.240022
50 78 1.1158
50 79 1.13489
50 80 1.08503
50 81 0.390239
50 82 0.392394
50 83 0.700066
50 84 1.60741
50 85 0.682879
50 86 0.773091
50 87 1.24915
50 88 1.41519
50 89 1.1101
50 90 0.782396
50 91 0.924229
50 92 1.46655
50 93 1.08884
50 94 0.496829
50 95 1.02401
50 96 1.24747
50 97 1.31528
50 98 0.42177
50 99 1.21128
51 52 0.493124
51 53 0.976938
51 54 0.636834
51 55 0.840611
51 56 0.601672
51 57 0.734142
51 58 1.12859
51 59 0.957329
51 60 0.428115
51 61 0.928679
51 62 0.654145
51 63 0.586308
51 64 0.591835
51 65 0.56765
51 66 0.808645
51 67 0.951045
51 68 1.33398
51 69 0.20156
51 70 0.924035
51 71 1.35014
51 72 0.594309
51 73 0.0640876
51 74 0.336294
51 75 0.402731
51 76 1.54353
51 77 0.608176
51 78 0.706203
51 79 1.1151
51 80 1.1605
51 81 0.744576
51 82 0.698043
51 83 0.743401
51 84 1.54068
51 85 0.815087
51 86 0.326845
51 87 0.808601
51 88 1.16912
51 89 0.670537
51 90 0.75852
51 91 1.34352
51 92 1.04558
51 93 1.51886
51 94 0.316351
51 95 0.598877
51 96 1.05512
51 97 1.16189
51 98 0.0757266
51 99 0.86218
52 53 0.487683
52 54 1.09825
52 55 0.349025
52 56 0.692466
52 57 0.442297
52 58 0.744816
52 59 0.980061
52 60 0.593482
52 61 1.08414
52 62 0.684678
52 63 1.0116
52 64 1.07855
52 65 1.02142
52 66 0.619428
52 67 1.02408
52 68 0.84299
52 69 0.479222
52 70 0.593307
52 71 1.00425
52 72 0.514067
52 73 0.509483
52 74 0.805476
52 75 0.380834
52 76 1.05809
52 77 0.81696
52 78 0.743414
52 79 0.626038
52 80 0.672656
52 81 0.967328
52 82 0.96448
52 83 0.266916
52 84 1.07162
52 85 1.20412
52 86 0.627854
52 87 0.960884
52 88 0.845575
52 89 0.836044
52 90 0.265459
52 91 1.16626
52 92 1.08268
52 93 1.35888
52 94 0.178494
52 95 0.710081
52 96 0.670501
52 97 0.741519
52 98 0.418759
52 99 0.725257
53 54 1.58448
53 55 0.140501
53 56 1.08158
53 57 0.5116
53 58 0.653679
53 59 1.14742
53 60 0.958401
53 61 1.45402
53 62 0.935953
53 63 1.44674
53 64 1.56565
53 65 1.50688
53 66 0.837795
53 67 1.225
53 68 0.40213
53 69 0.924525
53 70 0.496298
53 71 0.912048
53 72 0.75352
53 73 0.985869
53 74 1.2931
53 75 0.809515
53 76 0.571004
53 77 1.23936
53 78 0.981082
53 79 0.138396
53 80 0.280567
53 81 1.38113
53 82 1.39682
53 83 0.311079
53 84 0.601619
53 85 1.67117
53 86 1.04529
53 87 1.2332
53 88 0.654171
53 89 1.14044
53 90 0.228714
53 91 1.26476
53 92 1.24323
53 93 1.45058
53 94 0.660741
53 95 1.00926
53 96 0.434557
53 97 0.403331
53 98 0.904033
53 99 0.814855
54 55 1.44438
54 56 0.752656
54 57 1.36726
54 58 1.56492
54 59 1.44896
54 60 0.959828
54 61 0.802866
54 62 1.19578
54 63 0.689107
54 64 0.16566
54 65 0.0806701
54 66 1.13344
54 67 1.40658
54 68 1.90554
54 69 0.78871
54 70 1.55744
54 71 1.72017
54 72 1.19449
54 73 0.657623
54 74 0.30059
54 75 0.829222
54 76 2.15548
54 77 0.598034
54 78 1.2329
54 79 1.72234
54 80 1.72639
54 81 0.610256
54 82 0.521329
54 83 1.31226
54 84 2.16672
54 85 0.308551
54 86 0.807303
54 87 1.2262
54 88 1.79745
54 89 1.11428
54 90 1.3574
54 91 1.5249
54 92 1.51421
54 93 1.65284
54 94 0.934961
54 95 1.10577
54 96 1.69173
54 97 1.79816
54 98 0.698468
54 99 1.44987
55 56 0.951279
55 57 0.458583
55 58 0.625165
55 59 1.09733
55 60 0.852947
55 61 1.32927
55 62 0.858522
55 63 1.32684
55 64 1.42757
55 65 1.36664
55 66 0.734431
55 67 1.167
55 68 0.510722
55 69 0.799064
55 70 0.49665
55 71 0.893984
55 72 0.672743
55 73 0.852229
55 74 1.15381
55 75 0.672019
55 76 0.71123
55 77 1.10491
55 78 0.908362
55 79 0.277953
55 80 0.357637
55 81 1.24848
55 82 1.26139
55 83 0.188202
55 84 0.739221
55 85 1.53158
55 86 0.927923
55 87 1.15593
55 88 0.697678
55 89 1.05331
55 90 0.0884748
55 91 1.19933
55 92 1.1967
55 93 1.38938
55 94 0.524295
55 95 0.921213
55 96 0.48142
55 97 0.489239
55 98 0.766992
55 99 0.777186
56 57 1.12057
56 58 0.848378
56 59 1.52564
56 60 1.01082
56 61 0.391763
56 62 1.21167
56 63 1.12734
56 64 0.841824
56 65 0.678214
56 66 0.394327
56 67 1.53401
56 68 1.29873
56 69 0.785319
56 70 1.28422
56 71 0.973009
56 72 1.09787
56 73 0.66575
56 74 0.603572
56 75 0.314986
56 76 1.61849
56 77 0.183407
56 78 1.2693
56 79 1.20346
56 80 1.12398
56 81 0.30345
56 82 0.339549
56 83 0.770626
56 84 1.6798
56 85 0.677483
56 86 0.927908
56 87 1.40466
56 88 1.53767
56 89 1.26561
56 90 0.867501
56 91 0.799333
56 92 1.62074
56 93 0.954026
56 94 0.636322
56 95 1.17901
56 96 1.35996
56 97 1.41688
56 98 0.577278
56 99 1.356
57 58 1.06815
57 59 0.640017
57 60 0.519498
57 61 1.51088
57 62 0.433735
57 63 1.0382
57 64 1.29879
57 65 1.3008
57 66 1.05191
57 67 0.714085
57 68 0.906071
57 69 0.589341
57 70 0.190185
57 71 1.33898
57 72 0.264659
57 73 0.709772
57 74 1.06831
57 75 0.805658
57 76 0.954855
57 77 1.22306
57 78 0.473652
57 79 0.608454
57 80 0.790513
57 81 1.37462
57 82 1.35731
57 83 0.561765
57 84 0.89495
57 85 1.54122
57 86 0.648349
57 87 0.727127
57 88 0.438016
57 89 0.647115
57 90 0.453844
57 91 1.58202
57 92 0.738553
57 93 1.77537
57 94 0.496463
57 95 0.520949
57 96 0.336278
57 97 0.465873
57 98 0.683626
57 99 0.320832
58 59 1.69065
58 60 1.33733
58 61 1.106
58 62 1.41647
58 63 1.70803
58 64 1.61422
58 65 1.48518
58 66 0.457895
58 67 1.7481
58 68 0.588084
58 69 1.19471
58 70 1.12148
58 71 0.270828
58 72 1.23518
58 73 1.17196
58 74 1.33628
58 75 0.758742
58 76 0.965213
58 77 1.03139
58 78 1.4729
58 79 0.687627
58 80 0.473282
58 81 1.1276
58 82 1.18241
58 83 0.513852
58 84 1.09156
58 85 1.52586
58 86 1.35478
58 87 1.70199
58 88 1.30632
58 89 1.58004
58 90 0.614313
58 91 0.643793
58 92 1.79265
58 93 0.816692
58 94 0.88331
58 95 1.45245
58 96 1.08636
58 97 1.05123
58 98 1.05783
58 99 1.38873
59 60 0.52971
59 61 1.88163
59 62 0.314656
59 63 0.847955
59 64 1.31914
59 65 1.40989
59 66 1.58693
59 67 0.102096
59 68 1.5307
59 69 0.756282
59 70 0.685004
59 71 1.96007
59 72 0.466024
59 73 0.898869
59 74 1.20249
59 75 1.24151
59 76 1.50395
59 77 1.56275
59 78 0.256353
59 79 1.22949
59 80 1.42781
59 81 1.70179
59 82 1.65402
59 83 1.17686
59 84 1.39574
59 85 1.71141
59 86 0.659897
59 87 0.261786
59 88 0.733039
59 89 0.337214
59 90 1.0826
59 91 2.14213
59 92 0.102739
59 93 2.33345
59 94 0.923043
59 95 0.360175
59 96 0.830654
59 97 0.969493
59 98 0.95747
59 99 0.338782
60 61 1.35531
60 62 0.238209
60 63 0.519074
60 64 0.853606
60 65 0.909774
60 66 1.13156
60 67 0.524892
60 68 1.3585
60 69 0.228417
60 70 0.689076
60 71 1.59257
60 72 0.270235
60 73 0.36916
60 74 0.688924
60 75 0.749746
60 76 1.4651
60 77 1.03536
60 78 0.2833
60 79 1.08145
60 80 1.21038
60 81 1.17267
60 82 1.12432
60 83 0.84915
60 84 1.41393
60 85 1.19897
60 86 0.154802
60 87 0.399922
60 88 0.890076
60 89 0.262067
60 90 0.798979
60 91 1.68852
60 92 0.617572
60 93 1.87432
60 94 0.468129
60 95 0.170849
60 96 0.849698
60 97 0.984371
60 98 0.434617
60 99 0.495408
61 62 1.57153
61 63 1.36234
61 64 0.945217
61 65 0.754002
61 66 0.666295
61 67 1.87952
61 68 1.6272
61 69 1.12694
61 70 1.67593
61 71 1.14786
61 72 1.47316
61 73 0.99056
61 74 0.80004
61 75 0.706163
61 76 1.969
61 77 0.320689
61 78 1.62695
61 79 1.56872
61 80 1.46073
61 81 0.206686
61 82 0.289717
61 83 1.14398
61 84 2.04445
61 85 0.578652
61 86 1.25001
61 87 1.7347
61 88 1.92943
61 89 1.59779
61 90 1.24838
61 91 0.799856
61 92 1.97254
61 93 0.887103
61 94 1.02169
61 95 1.52609
61 96 1.75045
61 97 1.80334
61 98 0.924303
61 99 1.73612
62 63 0.689449
62 64 1.08376
62 65 1.14728
62 66 1.27947
62 67 0.34109
62 68 1.33566
62 69 0.452856
62 70 0.557417
62 71 1.6823
62 72 0.186025
62 73 0.599192
62 74 0.92713
62 75 0.927192
62 76 1.38016
62 77 1.25413
62 78 0.0599651
62 79 1.04078
62 80 1.20896
62 81 1.39579
62 82 1.35209
62 83 0.905677
62 84 1.30348
62 85 1.43711
62 86 0.388473
62 87 0.297807
62 88 0.711888
62 89 0.217063
62 90 0.826519
62 91 1.83661
62 92 0.412895
62 93 2.02683
62 94 0.611448
62 95 0.110441
62 96 0.721898
62 97 0.864265
62 98 0.647619
62 99 0.281598
63 64 0.530452
63 65 0.681636
63 66 1.39083
63 67 0.780678
63 68 1.83749
63 69 0.532704
63 70 1.20694
63 71 1.93565
63 72 0.78629
63 73 0.537096
63 74 0.562389
63 75 0.986684
63 76 1.97608
63 77 1.06338
63 78 0.699602
63 79 1.57712
63 80 1.6764
63 81 1.15618
63 82 1.07965
63 83 1.27826
63 84 1.9315
63 85 0.992103
63 86 0.402316
63 87 0.593542
63 88 1.39525
63 89 0.521554
63 90 1.25889
63 91 1.91037
63 92 0.88897
63 93 2.07691
63 94 0.841444
63 95 0.579332
63 96 1.36848
63 97 1.50342
63 98 0.652396
63 99 0.970976
64 65 0.191622
64 66 1.20288
64 67 1.27015
64 68 1.90835
64 69 0.70999
64 70 1.48779
64 71 1.78933
64 72 1.10373
64 73 0.596739
64 74 0.282782
64 75 0.859909
64 76 2.13424
64 77 0.707856
64 78 1.11582
64 79 1.70404
64 80 1.73109
64 81 0.74511
64 82 0.657331
64 83 1.31252
64 84 2.13215
64 85 0.474173
64 86 0.698831
64 87 1.08657
64 88 1.71897
64 89 0.982172
64 90 1.3431
64 91 1.63307
64 92 1.37867
64 93 1.7713
64 94 0.905684
64 95 0.987325
64 96 1.63059
64 97 1.74526
64 98 0.662416
64 99 1.34875
65 66 1.05576
65 67 1.3723
65 68 1.82558
65 69 0.728525
65 70 1.49092
65 71 1.64288
65 72 1.13639
65 73 0.592815
65 74 0.2327
65 75 0.748561
65 76 2.07786
65 77 0.529614
65 78 1.18694
65 79 1.64456
65 80 1.64636
65 81 0.555335
65 82 0.467044
65 83 1.23276
65 84 2.09116
65 85 0.312838
65 86 0.759662
65 87 1.19506
65 88 1.73333
65 89 1.0781
65 90 1.27942
65 91 1.45751
65 92 1.47895
65 93 1.58981
65 94 0.860227
65 95 1.06117
65 96 1.62254
65 97 1.72673
65 98 0.626452
65 99 1.39525
66 67 1.62002
66 68 0.962575
66 69 0.936699
66 70 1.17473
66 71 0.587406
66 72 1.12366
66 73 0.865329
66 74 0.937891
66 75 0.406009
66 76 1.31323
66 77 0.575828
66 78 1.33941
66 79 0.934927
66 80 0.800309
66 81 0.670133
66 82 0.724788
66 83 0.548756
66 84 1.40261
66 85 1.07061
66 86 1.09913
66 87 1.5283
66 88 1.41004
66 89 1.3928
66 90 0.669735
66 91 0.558203
66 92 1.68859
66 93 0.747397
66 94 0.670657
66 95 1.28083
66 96 1.20428
66 97 1.22364
66 98 0.752133
66 99 1.34467
67 68 1.6135
67 69 0.753172
67 70 0.774701
67 71 2.01596
67 72 0.513688
67 73 0.89005
67 74 1.1734
67 75 1.26058
67 76 1.59866
67 77 1.55918
67 78 0.281417
67 79 1.31266
67 80 1.50452
67 81 1.69416
67 82 1.64192
67 83 1.23473
67 84 1.49359
67 85 1.67843
67 86 0.638688
67 87 0.187205
67 88 0.833734
67 89 0.295143
67 90 1.14631
67 91 2.17746
67 92 0.108929
67 93 2.36742
67 94 0.950676
67 95 0.355101
67 96 0.924427
67 97 1.06459
67 98 0.959257
67 99 0.428084
68 69 1.30853
68 70 0.853406
68 71 0.766712
68 72 1.15464
68 73 1.35247
68 74 1.62806
68 75 1.08605
68 76 0.378296
68 77 1.4754
68 78 1.37897
68 79 0.301228
68 80 0.179606
68 81 1.60082
68 82 1.6353
68 83 0.595861
68 84 0.519103
68 85 1.94643
68 86 1.43852
68 87 1.632
68 88 0.936444
68 89 1.54202
68 90 0.581543
68 91 1.22565
68 92 1.62265
68 93 1.38722
68 94 1.02148
68 95 1.41108
68 96 0.740349
68 97 0.639911
68 98 1.25867
68 99 1.19297
69 70 0.777882
69 71 1.43666
69 72 0.408547
69 73 0.147373
69 74 0.497757
69 75 0.5402
69 76 1.47252
69 77 0.807146
69 78 0.504643
69 79 1.05865
69 80 1.14487
69 81 0.945542
69 82 0.899576
69 83 0.746093
69 84 1.44821
69 85 0.999365
69 86 0.163696
69 87 0.619614
69 88 1.01091
69 89 0.480477
69 90 0.72794
69 91 1.48809
69 92 0.845699
69 93 1.67014
69 94 0.313622
69 95 0.399144
69 96 0.923167
69 97 1.04311
69 98 0.208042
69 99 0.671999
70 71 1.38925
70 72 0.420797
70 73 0.899927
70 74 1.25846
70 75 0.970053
70 76 0.830734
70 77 1.39703
70 78 0.582489
70 79 0.553719
70 80 0.77157
70 81 1.54862
70 82 1.53563
70 83 0.646093
70 84 0.74615
70 85 1.72898
70 86 0.826905
70 87 0.829306
70 88 0.255181
70 89 0.774107
70 90 0.524982
70 91 1.68137
70 92 0.772546
70 93 1.87359
70 94 0.675166
70 95 0.659012
70 96 0.164799
70 97 0.306856
70 98 0.872314
70 99 0.346822
71 72 1.50248
71 73 1.39888
71 74 1.52052
71 75 0.959111
71 76 1.13976
71 77 1.14767
71 78 1.73934
71 79 0.928097
71 80 0.696328
71 81 1.21563
71 82 1.28392
71 83 0.783345
71 84 1.28565
71 85 1.63688
71 86 1.59908
71 87 1.96468
71 88 1.56621
71 89 1.84015
71 90 0.885139
71 91 0.497759
71 92 2.06223
71 93 0.632241
71 94 1.13063
71 95 1.71419
71 96 1.34657
71 97 1.30105
71 98 1.28338
71 99 1.65955
72 73 0.551486
72 74 0.906246
72 75 0.7972
72 76 1.21951
72 77 1.16336
72 78 0.238881
72 79 0.862798
72 80 1.0244
72 81 1.31079
72 82 1.27716
72 83 0.722693
72 84 1.15604
72 85 1.40612
72 86 0.416082
72 87 0.483191
72 88 0.622064
72 89 0.38774
72 90 0.640825
72 91 1.67718
72 92 0.568619
72 93 1.86896
72 94 0.470376
72 95 0.258307
72 96 0.583445
72 97 0.721182
72 98 0.56711
72 99 0.268734
73 74 0.360184
73 75 0.45948
73 76 1.54804
73 77 0.669895
73 78 0.649741
73 79 1.1233
73 80 1.18145
73 81 0.804332
73 82 0.755187
73 83 0.767689
73 84 1.53791
73 85 0.854637
73 86 0.262892
73 87 0.745433
73 88 1.14057
73 89 0.607676
73 90 0.772956
73 91 1.40389
73 92 0.985761
73 93 1.58032
73 94 0.331011
73 95 0.539415
73 96 1.03695
73 97 1.14894
73 98 0.115572
73 99 0.8173
74 75 0.579184
74 76 1.86351
74 77 0.508213
74 78 0.970086
74 79 1.43139
74 80 1.45023
74 81 0.59379
74 82 0.518118
74 83 1.03226
74 84 1.86963
74 85 0.510429
74 86 0.544022
74 87 1.00364
74 88 1.50064
74 89 0.878371
74 90 1.06802
74 91 1.40286
74 92 1.27762
74 93 1.55504
74 94 0.637764
74 95 0.847161
74 96 1.39135
74 97 1.49765
74 98 0.398611
74 99 1.16756
75 76 1.36936
75 77 0.439003
75 78 0.986444
75 79 0.940589
75 80 0.906485
75 81 0.587942
75 82 0.591631
75 83 0.507841
75 84 1.41089
75 85 0.866536
75 86 0.699738
75 87 1.14967
75 88 1.22407
75 89 1.01144
75 90 0.584397
75 91 0.94892
75 92 1.33996
75 93 1.12996
75 94 0.328075
75 95 0.909893
75 96 1.05111
75 97 1.11627
75 98 0.347198
75 99 1.04878
76 77 1.78686
76 78 1.41062
76 79 0.433427
76 80 0.514445
76 81 1.92179
76 82 1.94642
76 83 0.861578
76 84 0.175363
76 85 2.23534
76 86 1.57503
76 87 1.65971
76 88 0.804045
76 89 1.59687
76 90 0.79877
76 91 1.60395
76 92 1.58222
76 93 1.76442
76 94 1.22856
76 95 1.47428
76 96 0.674444
76 97 0.534471
76 98 1.47186
76 99 1.1722
77 78 1.30883
77 79 1.36573
77 80 1.29913
77 81 0.151638
77 82 0.160074
77 83 0.930571
77 84 1.84044
77 85 0.494807
77 86 0.929487
77 87 1.41412
77 88 1.65217
77 89 1.27711
77 90 1.01863
77 91 0.927898
77 92 1.65284
77 93 1.06356
77 94 0.727152
77 95 1.2062
77 96 1.48706
77 97 1.55519
77 98 0.606532
77 99 1.42922
78 79 1.0821
78 80 1.2562
78 81 1.44944
78 82 1.40418
78 83 0.961153
78 84 1.32779
78 85 1.4805
78 86 0.427401
78 87 0.253517
78 88 0.717934
78 89 0.198342
78 90 0.879318
78 91 1.89651
78 92 0.353513
78 93 2.08677
78 94 0.671367
78 95 0.128647
78 96 0.745514
78 97 0.888589
78 98 0.702668
78 99 0.278763
79 80 0.239691
79 81 1.50505
79 82 1.52422
79 83 0.435258
79 84 0.476563
79 85 1.80478
79 86 1.17497
79 87 1.33555
79 88 0.66191
79 89 1.25045
79 90 0.365343
79 91 1.32108
79 92 1.32151
79 93 1.50116
79 94 0.798999
79 95 1.12077
79 96 0.452571
79 97 0.377257
79 98 1.04233
79 99 0.89177
80 81 1.42683
80 82 1.45916
80 83 0.418929
80 84 0.622828
80 85 1.76765
80 86 1.28078
80 87 1.50676
80 88 0.900138
80 89 1.4084
80 90 0.417626
80 91 1.11656
80 92 1.52378
80 93 1.28947
80 94 0.85068
80 95 1.27645
80 96 0.687278
80 97 0.61681
80 98 1.08494
80 99 1.09535
81 82 0.088931
81 83 1.07087
81 84 1.98095
81 85 0.42986
81 86 1.05933
81 87 1.54362
81 88 1.80375
81 89 1.40816
81 90 1.1631
81 91 0.935735
81 92 1.78997
81 93 1.04882
81 94 0.878569
81 95 1.34336
81 96 1.63771
81 97 1.70399
81 98 0.749506
81 99 1.57753
82 83 1.08896
82 84 1.99825
82 85 0.353637
82 86 1.00423
82 87 1.48661
82 88 1.79068
82 89 1.35283
82 90 1.17455
82 91 1.02028
82 92 1.73984
82 93 1.13654
82 94 0.861224
82 95 1.29426
82 96 1.6323
82 97 1.70524
82 98 0.711067
82 99 1.54535
83 84 0.910178
83 85 1.37419
83 86 0.89379
83 87 1.19549
83 88 0.868027
83 89 1.07878
83 90 0.123113
83 91 1.03528
83 92 1.27894
83 93 1.22754
83 94 0.439658
83 95 0.948698
83 96 0.657534
83 97 0.676324
83 98 0.667694
83 99 0.880061
84 85 2.26979
84 86 1.53548
84 87 1.57071
84 88 0.674216
84 89 1.52025
84 90 0.82741
84 91 1.73497
84 92 1.46763
84 93 1.90206
84 94 1.23202
84 95 1.40358
84 96 0.582288
84 97 0.439349
84 98 1.47234
84 99 1.07366
85 86 1.05426
85 87 1.50376
85 88 1.97894
85 89 1.38343
85 90 1.44313
85 91 1.36204
85 92 1.78404
85 93 1.4637
85 94 1.06561
85 95 1.35741
85 96 1.84705
85 97 1.93806
85 98 0.858064
85 99 1.67134
86 87 0.484745
86 88 1.03815
86 89 0.348887
86 90 0.863417
86 91 1.64859
86 92 0.739328
86 93 1.8292
86 94 0.47158
86 95 0.303155
86 96 0.983602
86 97 1.11377
86 98 0.357455
86 99 0.650176
87 88 0.936856
87 89 0.139156
87 90 1.12158
87 91 2.08612
87 92 0.295842
87 93 2.27292
87 94 0.859505
87 95 0.251191
87 96 0.989834
87 97 1.13293
87 98 0.827547
87 99 0.500599
88 89 0.916186
88 90 0.744917
88 91 1.89691
88 92 0.797617
88 93 2.08705
88 94 0.929887
88 95 0.821683
88 96 0.219962
88 97 0.29736
88 98 1.121
88 99 0.440721
89 90 1.01232
89 91 1.95016
89 92 0.400875
89 93 2.13628
89 94 0.726021
89 95 0.13211
89 96 0.938356
89 97 1.08095
89 98 0.68844
89 99 0.476318
90 91 1.15701
90 92 1.18368
90 93 1.3489
90 94 0.442932
90 95 0.880532
90 96 0.535038
90 97 0.560051
90 98 0.684217
90 99 0.774524
91 92 2.24419
91 93 0.193375
91 94 1.22884
91 95 1.839
91 96 1.68035
91 97 1.66808
91 98 1.29479
91 99 1.88712
92 93 2.43535
92 94 1.02338
92 95 0.446733
92 96 0.912168
92 97 1.04828
92 98 1.04945
92 99 0.429881
93 94 1.41762
93 95 2.02692
93 96 1.86977
93 97 1.85375
93 98 1.47342
93 99 2.08035
94 95 0.610614
94 96 0.782448
94 97 0.873525
94 98 0.243402
94 99 0.721023
95 96 0.823811
95 97 0.965193
95 98 0.604305
95 99 0.391666
96 97 0.143178
96 98 0.997749
96 99 0.497806
97 98 1.10028
97 99 0.639401
98 99 0.835785
