100
0 1 1.66748
0 2 0.972911
0 3 0.738113
0 4 0.219263
0 5 1.56079
0 6 0.495318
0 7 0.106589
0 8 1.8329
0 9 1.63794
0 10 1.36062
0 11 0.977341
0 12 0.727481
0 13 1.6585
0 14 1.5659
0 15 0.243807
0 16 0.922377
0 17 1.4244
0 18 1.76999
0 19 0.469675
0 20 1.16893
0 21 1.25161
0 22 0.156868
0 23 1.41063
0 24 0.62455
0 25 1.34192
0 26 1.36738
0 27 1.43851
0 28 0.982047
0 29 1.11797
0 30 1.08882
0 31 0.737801
0 32 0.949253
0 33 0.986367
0 34 1.28046
0 35 1.16427
0 36 0.700421
0 37 0.704179
0 38 1.07217
0 39 0.631108
0 40 0.938614
0 41 1.49563
0 42 1.50228
0 43 0.302861
0 44 0.626411
0 45 0.636553
0 46 0.16952
0 47 1.69258
0 48 1.32015
0 49 1.72536
0 50 1.21168
0 51 1.43816
0 52 1.51692
0 53 1.08968
0 54 1.73679
0 55 1.21949
0 56 1.09136
0 57 1.31904
0 58 1.03506
0 59 0.776547
0 60 0.894776
0 61 0.946548
0 62 0.952619
0 63 0.740683
0 64 1.11781
0 65 1.46617
0 66 0.344112
0 67 0.769824
0 68 0.911169
0 69 0.762121
0 70 1.82874
0 71 1.6706
0 72 1.03896
0 73 1.31139
0 74 0.764381
0 75 1.14609
0 76 0.586533
0 77 0.587681
0 78 0.712869
0 79 1.76192
0 80 1.85623
0 81 1.41211
0 82 1.06751
0 83 0.760415
0 84 0.632917
0 85 1.81737
0 86 1.63083
0 87 1.16392
0 88 1.2489
0 89 0.561835
0 90 0.957458
0 91 0.659744
0 92 0.312069
0 93 0.613169
0 94 0.798359
0 95 1.87253
0 96 0.347643
0 97 0.272714
0 98 1.41383
0 99 0.813507
1 2 1.00781
1 3 1.13353
1 4 1.45261
1 5 0.107341
1 6 1.41117
1 7 1.57193
1 8 0.981937
1 9 0.185854
1 10 1.40578
1 11 1.54763
1 12 1.9174
1 13 1.19272
1 14 0.230995
1 15 1.45594
1 16 2.01154
1 17 1.59303
1 18 0.301026
1 19 1.95552
1 20 0.61151
1 21 0.745783
1 22 1.62103
1 23 0.64729
1 24 1.6964
1 25 0.326903
1 26 1.32571
1 27 0.365333
1 28 0.954937
1 29 1.65183
1 30 0.778982
1 31 1.13395
1 32 1.64881
1 33 1.73803
1 34 1.34962
1 35 0.568015
1 36 1.44586
1 37 0.983569
1 38 0.700027
1 39 1.03805
1 40 1.72348
1 41 0.231534
1 42 0.184252
1 43 1.66737
1 44 1.11904
1 45 1.05717
1 46 1.66771
1 47 1.27507
1 48 1.62031
1 49 0.613253
1 50 1.48986
1 51 0.25487
1 52 0.427526
1 53 0.701005
1 54 0.126055
1 55 0.995048
1 56 0.640856
1 57 0.612863
1 58 0.66439
1 59 1.55546
1 60 0.80629
1 61 1.96856
1 62 1.00065
1 63 0.94407
1 64 0.582133
1 65 0.824692
1 66 1.58119
1 67 1.60596
1 68 1.10895
1 69 1.3119
1 70 1.12334
1 71 1.52156
1 72 1.02031
1 73 0.938067
1 74 1.38152
1 75 0.540152
1 76 1.10566
1 77 1.26521
1 78 2.03105
1 79 0.453726
1 80 1.32497
1 81 0.435446
1 82 1.65652
1 83 1.27398
1 84 1.86766
1 85 0.705277
1 86 0.382748
1 87 0.888915
1 88 0.978568
1 89 1.14457
1 90 1.25465
1 91 2.04795
1 92 1.59388
1 93 1.55392
1 94 1.18327
1 95 0.283079
1 96 1.52813
1 97 1.609
1 98 1.70508
1 99 1.22398
2 3 0.968414
2 4 0.77507
2 5 0.912446
2 6 1.04894
2 7 0.867438
2 8 0.860428
2 9 0.887933
2 10 0.569145
2 11 0.544094
2 12 0.941278
2 13 0.712222
2 14 1.04298
2 15 0.730685
2 16 1.01138
2 17 0.728622
2 18 0.964276
2 19 1.06833
2 20 0.398828
2 21 0.323849
2 22 1.02099
2 23 1.17806
2 24 0.730071
2 25 0.770807
2 26 0.525492
2 27 0.659488
2 28 0.0553558
2 29 0.664861
2 30 0.967528
2 31 0.968562
2 32 0.641612
2 33 0.73112
2 34 0.482889
2 35 0.456665
2 36 0.464329
2 37 0.673834
2 38 0.855279
2 39 0.530555
2 40 0.715679
2 41 0.959243
2 42 0.920139
2 43 0.819175
2 44 0.373013
2 45 0.704999
2 46 0.883576
2 47 0.762579
2 48 0.700643
2 49 0.804225
2 50 0.552755
2 51 0.756354
2 52 0.674137
2 53 0.315791
2 54 1.12211
2 55 0.253029
2 56 0.400099
2 57 1.0667
2 58 0.725272
2 59 0.556094
2 60 0.372304
2 61 0.964264
2 62 1.04282
2 63 0.422979
2 64 0.75081
2 65 0.49919
2 66 1.10246
2 67 0.60797
2 68 0.104044
2 69 0.324719
2 70 0.860402
2 71 0.837277
2 72 0.0768418
2 73 0.338853
2 74 0.387696
2 75 0.728792
2 76 0.713831
2 77 0.970995
2 78 1.07211
2 79 0.893629
2 80 0.916606
2 81 0.600448
2 82 0.66021
2 83 0.293246
2 84 0.909738
2 85 0.878716
2 86 1.1938
2 87 0.198111
2 88 0.279748
2 89 0.756858
2 90 0.252588
2 91 1.10782
2 92 0.750941
2 93 0.591747
2 94 0.208424
2 95 1.09818
2 96 0.683475
2 97 0.782636
2 98 0.80365
2 99 0.232409
3 4 0.602458
3 5 1.03949
3 6 0.302824
3 7 0.690151
3 8 1.67646
3 9 1.17717
3 10 1.52736
3 11 1.32054
3 12 1.34255
3 13 1.64465
3 14 0.964811
3 15 0.658399
3 16 1.51743
3 17 1.66532
3 18 1.33462
3 19 1.18211
3 20 0.877349
3 21 1.07381
3 22 0.618445
3 23 0.70383
3 24 1.15676
3 25 0.825775
3 26 1.49201
3 27 1.04931
3 28 0.936307
3 29 1.4772
3 30 0.395447
3 31 0.000422853
3 32 1.35621
3 33 1.42933
3 34 1.43876
3 35 0.825928
3 36 1.04945
3 37 0.295525
3 38 0.4366
3 39 0.449642
3 40 1.38861
3 41 0.916097
3 42 0.949688
3 43 0.922938
3 44 0.660309
3 45 0.269316
3 46 0.838516
3 47 1.70768
3 48 1.60466
3 49 1.43237
3 50 1.46077
3 51 0.97115
3 52 1.16666
3 53 0.847788
3 54 1.16251
3 55 1.194
3 56 0.784761
3 57 0.631667
3 58 0.482442
3 59 1.17869
3 60 0.639301
3 61 1.51453
3 62 0.216045
3 63 0.54551
3 64 0.55741
3 65 1.31673
3 66 0.50046
3 67 1.20444
3 68 0.984361
3 69 1.00229
3 70 1.73674
3 71 1.80565
3 72 1.04348
3 73 1.2425
3 74 1.05494
3 75 0.605583
3 76 0.279075
3 77 0.160602
3 78 1.38237
3 79 1.39249
3 80 1.84674
3 81 1.05964
3 82 1.44394
3 83 0.971609
3 84 1.25506
3 85 1.54289
3 86 0.976255
3 87 1.07694
3 88 1.21044
3 89 0.254791
3 90 1.12834
3 91 1.35168
3 92 0.873029
3 93 1.05853
3 94 0.933809
3 95 1.39441
3 96 0.841708
3 97 0.85846
3 98 1.71126
3 99 0.980731
4 5 1.34563
4 6 0.437348
4 7 0.119326
4 8 1.63075
4 9 1.41941
4 10 1.21089
4 11 0.87029
4 12 0.752341
4 13 1.47556
4 14 1.35917
4 15 0.0723999
4 16 0.936973
4 17 1.29671
4 18 1.55079
4 19 0.585151
4 20 0.95028
4 21 1.04024
4 22 0.248616
4 23 1.23268
4 24 0.591498
4 25 1.12823
4 26 1.20741
4 27 1.21924
4 28 0.778638
4 29 1.0219
4 30 0.912865
4 31 0.60223
4 32 0.866587
4 33 0.92081
4 34 1.12652
4 35 0.945006
4 36 0.580376
4 37 0.506083
4 38 0.881503
4 39 0.414647
4 40 0.874703
4 41 1.28672
4 42 1.29027
4 43 0.321405
4 44 0.414999
4 45 0.444757
4 46 0.243699
4 47 1.51547
4 48 1.20354
4 49 1.50991
4 50 1.08103
4 51 1.22062
4 52 1.2982
4 53 0.872027
4 54 1.52525
4 55 1.0261
4 56 0.872155
4 57 1.13512
4 58 0.831772
4 59 0.683923
4 60 0.675513
4 61 0.944801
4 62 0.806177
4 63 0.521519
4 64 0.912942
4 65 1.26075
4 66 0.375896
4 67 0.691664
4 68 0.724227
4 69 0.607861
4 70 1.63526
4 71 1.51911
4 72 0.845002
4 73 1.11358
4 74 0.626927
4 75 0.938029
4 76 0.396902
4 77 0.475939
4 78 0.780958
4 79 1.54332
4 80 1.67671
4 81 1.19309
4 82 0.976479
4 83 0.597354
4 84 0.661251
4 85 1.60365
4 86 1.43328
4 87 0.960437
4 88 1.0542
4 89 0.383179
4 90 0.795088
4 91 0.749356
4 92 0.278901
4 93 0.530661
4 94 0.618281
4 95 1.65399
4 96 0.266531
4 97 0.258476
4 98 1.30356
4 99 0.642183
5 6 1.31227
5 7 1.46494
5 8 0.963701
5 9 0.182874
5 10 1.33285
5 11 1.45469
5 12 1.8144
5 13 1.14703
5 14 0.21223
5 15 1.34865
5 16 1.91164
5 17 1.51989
5 18 0.33501
5 19 1.84874
5 20 0.514085
5 21 0.665138
5 22 1.51593
5 23 0.604463
5 24 1.59309
5 25 0.222371
5 26 1.2546
5 27 0.291365
5 28 0.858795
5 29 1.56315
5 30 0.697773
5 31 1.0399
5 32 1.55405
5 33 1.64353
5 34 1.27283
5 35 0.466138
5 36 1.34455
5 37 0.87962
5 38 0.610338
5 39 0.931023
5 40 1.62765
5 41 0.17399
5 42 0.107506
5 43 1.56035
5 44 1.01249
5 45 0.953344
5 46 1.56037
5 47 1.2294
5 48 1.54116
5 49 0.601745
5 50 1.40753
5 51 0.156123
5 52 0.378466
5 53 0.601862
5 54 0.209667
5 55 0.915936
5 56 0.53761
5 57 0.553721
5 58 0.564761
5 59 1.4561
5 60 0.699603
5 61 1.86988
5 62 0.916789
5 63 0.836753
5 64 0.484055
5 65 0.76884
5 66 1.47942
5 67 1.50623
5 68 1.01231
5 69 1.21174
5 70 1.09702
5 71 1.46563
5 72 0.929081
5 73 0.866264
5 74 1.2818
5 75 0.439772
5 76 1.00148
5 77 1.16723
5 78 1.92663
5 79 0.463223
5 80 1.29145
5 81 0.362316
5 82 1.56583
5 83 1.17346
5 84 1.76344
5 85 0.703114
5 86 0.386632
5 87 0.803944
5 88 0.90166
5 89 1.04108
5 90 1.16157
5 91 1.94256
5 92 1.4869
5 93 1.45074
5 94 1.08301
5 95 0.358125
5 96 1.42129
5 97 1.50183
5 98 1.6288
5 99 1.12479
6 7 0.482113
6 8 1.84261
6 9 1.43478
6 10 1.56677
6 11 1.28032
6 12 1.18245
6 13 1.75764
6 14 1.25659
6 15 0.508175
6 16 1.37084
6 17 1.67866
6 18 1.5873
6 19 0.963156
6 20 1.06633
6 21 1.22937
6 22 0.350678
6 23 1.00584
6 24 1.02885
6 25 1.09236
6 26 1.54706
6 27 1.28089
6 28 1.03118
6 29 1.43602
6 30 0.697622
6 31 0.302413
6 32 1.29062
6 33 1.3508
6 34 1.47862
6 35 1.02995
6 36 0.991526
6 37 0.460888
6 38 0.727373
6 39 0.52997
6 40 1.30569
6 41 1.20231
6 42 1.2295
6 43 0.743557
6 44 0.686147
6 45 0.39351
6 46 0.632175
6 47 1.81116
6 48 1.59848
6 49 1.64104
6 50 1.46472
6 51 1.22618
6 52 1.38836
6 53 1.01548
6 54 1.45034
6 55 1.29633
6 56 0.973886
6 57 0.934307
6 58 0.747505
6 59 1.10711
6 60 0.79402
6 61 1.38126
6 62 0.510287
6 63 0.657816
6 64 0.829045
6 65 1.47118
6 66 0.200916
6 67 1.12058
6 68 1.03438
6 69 0.985242
6 70 1.88082
6 71 1.86481
6 72 1.12562
6 73 1.36378
6 74 1.02143
6 75 0.87254
6 76 0.36028
6 77 0.148112
6 78 1.19352
6 79 1.62564
6 80 1.96241
6 81 1.27888
6 82 1.3944
6 83 0.963794
6 84 1.08935
6 85 1.74751
6 86 1.27719
6 87 1.19744
6 88 1.31858
6 89 0.312446
6 90 1.14869
6 91 1.14848
6 92 0.712718
6 93 0.96159
6 94 0.953776
6 95 1.66031
6 96 0.703703
6 97 0.686773
6 98 1.70242
6 99 0.991829
7 8 1.72708
7 9 1.53763
7 10 1.26816
7 11 0.898606
7 12 0.704122
7 13 1.55662
7 14 1.47748
7 15 0.137355
7 16 0.895689
7 17 1.33957
7 18 1.66781
7 19 0.492738
7 20 1.06446
7 21 1.14503
7 22 0.198171
7 23 1.34139
7 24 0.57255
7 25 1.24754
7 26 1.2717
7 27 1.3358
7 28 0.875849
7 29 1.04403
7 30 1.02028
7 31 0.689881
7 32 0.879735
7 33 0.924015
7 34 1.18651
7 35 1.06148
7 36 0.615137
7 37 0.621119
7 38 0.994608
7 39 0.533926
7 40 0.876648
7 41 1.40546
7 42 1.40947
7 43 0.264781
7 44 0.519928
7 45 0.557145
7 46 0.151509
7 47 1.59225
7 48 1.23911
7 49 1.61916
7 50 1.12532
7 51 1.33947
7 52 1.41244
7 53 0.984404
7 54 1.64441
7 55 1.11497
7 56 0.988046
7 57 1.24604
7 58 0.948991
7 59 0.70189
7 60 0.79212
7 61 0.912215
7 62 0.90025
7 63 0.639022
7 64 1.03065
7 65 1.35988
7 66 0.369275
7 67 0.700731
7 68 0.807635
7 69 0.666441
7 70 1.72448
7 71 1.57799
7 72 0.934197
7 73 1.20611
7 74 0.673845
7 75 1.05651
7 76 0.508125
7 77 0.550077
7 78 0.711762
7 79 1.65727
7 80 1.75534
7 81 1.30816
7 82 0.995315
7 83 0.662259
7 84 0.610106
7 85 1.71091
7 86 1.54915
7 87 1.05778
7 88 1.14415
7 89 0.48942
7 90 0.860223
7 91 0.669982
7 92 0.249399
7 93 0.540484
7 94 0.696083
7 95 1.77218
7 96 0.267811
7 97 0.215559
7 98 1.33538
7 99 0.713391
8 9 0.797159
8 10 0.766503
8 11 1.15311
8 12 1.68155
8 13 0.347434
8 14 1.17575
8 15 1.58995
8 16 1.67755
8 17 0.913475
8 18 0.711463
8 19 1.88859
8 20 0.800465
8 21 0.613256
8 22 1.87267
8 23 1.53134
8 24 1.50704
8 25 1.02355
8 26 0.689491
8 27 0.725042
8 28 0.852177
8 29 1.1639
8 30 1.49159
8 31 1.67675
8 32 1.26522
8 33 1.33237
8 34 0.773873
8 35 0.859274
8 36 1.25405
8 37 1.39896
8 38 1.37034
8 39 1.31575
8 40 1.34609
8 41 1.1237
8 42 1.05382
8 43 1.66654
8 44 1.21809
8 45 1.45608
8 46 1.74128
8 47 0.407042
8 48 1.00637
8 49 0.369413
8 50 0.946399
8 51 0.879765
8 52 0.602266
8 53 0.832025
8 54 1.09763
8 55 0.622954
8 56 0.892145
8 57 1.45035
8 58 1.25243
8 59 1.28828
8 60 1.05101
8 61 1.61189
8 62 1.66071
8 63 1.18585
8 64 1.21611
8 65 0.373678
8 66 1.93291
8 67 1.33619
8 68 0.932519
8 69 1.13064
8 70 0.159154
8 71 0.689955
8 72 0.798189
8 73 0.524281
8 74 1.1683
8 75 1.16709
8 76 1.48335
8 77 1.73358
8 78 1.82891
8 79 0.544115
8 80 0.374329
8 81 0.676321
8 82 1.19981
8 83 1.11404
8 84 1.68069
8 85 0.296579
8 86 1.34984
8 87 0.670315
8 88 0.591488
8 89 1.53099
8 90 0.95158
8 91 1.88493
8 92 1.60223
8 93 1.38951
8 94 1.05027
8 95 0.828454
8 96 1.53681
8 97 1.63638
8 98 1.04181
8 99 1.05131
9 10 1.24139
9 11 1.41629
9 12 1.81904
9 13 1.00963
9 14 0.389469
9 15 1.41356
9 16 1.89918
9 17 1.42822
9 18 0.16075
9 19 1.88727
9 20 0.509105
9 21 0.598673
9 22 1.6087
9 23 0.787071
9 24 1.6008
9 25 0.353887
9 26 1.15964
9 27 0.228734
9 28 0.838254
9 29 1.51043
9 30 0.859752
9 31 1.17756
9 32 1.52166
9 33 1.60976
9 34 1.19021
9 35 0.485853
9 36 1.34219
9 37 0.985571
9 38 0.761843
9 39 1.0083
9 40 1.59898
9 41 0.356738
9 42 0.288719
9 43 1.60473
9 44 1.05394
9 45 1.05893
9 46 1.61951
9 47 1.09186
9 48 1.46297
9 49 0.429538
9 50 1.33782
9 51 0.208656
9 52 0.253149
9 53 0.600958
9 54 0.307677
9 55 0.841539
9 56 0.56186
9 57 0.732778
9 58 0.694931
9 59 1.44326
9 60 0.749099
9 61 1.85198
9 62 1.07339
9 63 0.899007
9 64 0.62116
9 65 0.648244
9 66 1.59035
9 67 1.49482
9 68 0.991527
9 69 1.20458
9 70 0.937575
9 71 1.34262
9 72 0.889382
9 73 0.775368
9 74 1.2719
9 75 0.571799
9 76 1.10444
9 77 1.29361
9 78 1.94044
9 79 0.280965
9 80 1.13924
9 81 0.289598
9 82 1.51937
9 83 1.16847
9 84 1.77646
9 85 0.525772
9 86 0.557314
9 87 0.746734
9 88 0.822038
9 89 1.14741
9 90 1.12573
9 91 1.96434
9 92 1.53089
9 93 1.45848
9 94 1.07763
9 95 0.234586
9 96 1.46317
9 97 1.55012
9 98 1.54368
9 99 1.11384
10 11 0.447896
10 12 0.984297
10 13 0.435737
10 14 1.50758
10 15 1.14764
10 16 0.939989
10 17 0.187256
10 18 1.24994
10 19 1.25822
10 20 0.875808
10 21 0.671996
10 22 1.45494
10 23 1.71646
10 24 0.858556
10 25 1.2546
10 26 0.0848129
10 27 1.04279
10 28 0.612855
10 29 0.409728
10 30 1.53133
10 31 1.52747
10 32 0.545149
10 33 0.593741
10 34 0.0888512
10 35 0.949825
10 36 0.66672
10 37 1.23622
10 38 1.41548
10 39 1.07978
10 40 0.618275
10 41 1.42888
10 42 1.37467
10 43 1.11065
10 44 0.884737
10 45 1.25938
10 46 1.22191
10 47 0.417739
10 48 0.243604
10 49 0.954181
10 50 0.195887
10 51 1.18632
10 52 0.988724
10 53 0.823548
10 54 1.53104
10 55 0.424438
10 56 0.91847
10 57 1.60841
10 58 1.28334
10 59 0.635292
10 60 0.938971
10 61 0.87046
10 62 1.61172
10 63 0.986013
10 64 1.29755
10 65 0.609671
10 66 1.57838
10 67 0.670349
10 68 0.543408
10 69 0.603521
10 70 0.661876
10 71 0.309985
10 72 0.501546
10 73 0.467714
10 74 0.596496
10 75 1.26768
10 76 1.26062
10 77 1.51091
10 78 1.13425
10 79 1.11608
10 80 0.573452
10 81 0.971821
10 82 0.453858
10 83 0.614287
10 84 1.00837
10 85 0.964635
10 86 1.67597
10 87 0.55291
10 88 0.433441
10 89 1.29949
10 90 0.419679
10 91 1.20409
10 92 1.0659
10 93 0.782432
10 94 0.612997
10 95 1.39215
10 96 1.01606
10 97 1.10598
10 98 0.304885
10 99 0.576773
11 12 0.539955
11 13 0.858532
11 14 1.58626
11 15 0.799607
11 16 0.52691
11 17 0.455677
11 18 1.47195
11 19 0.813745
11 20 0.942393
11 21 0.821278
11 22 1.09544
11 23 1.6886
11 24 0.41589
11 25 1.31329
11 26 0.49421
11 27 1.191
11 28 0.598978
11 29 0.157177
11 30 1.43791
11 31 1.32053
11 32 0.113999
11 33 0.195512
11 34 0.397486
11 35 1.00048
11 36 0.29046
11 37 1.05997
11 38 1.34041
11 39 0.884407
11 40 0.196284
11 41 1.50235
11 42 1.4642
11 43 0.698112
11 44 0.667489
11 45 1.05732
11 46 0.821905
11 47 0.85662
11 48 0.343709
11 49 1.24356
11 50 0.259359
11 51 1.29861
11 52 1.18354
11 53 0.859698
11 54 1.66416
11 55 0.604859
11 56 0.941009
11 57 1.57584
11 58 1.22041
11 59 0.204166
11 60 0.866048
11 61 0.464695
11 62 1.45632
11 63 0.838663
11 64 1.26249
11 65 0.888055
11 66 1.24596
11 67 0.228175
11 68 0.450294
11 69 0.321495
11 70 1.07742
11 71 0.738876
11 72 0.527941
11 73 0.700962
11 74 0.265734
11 75 1.24916
11 76 1.04148
11 77 1.26118
11 78 0.69001
11 79 1.37283
11 80 1.01756
11 81 1.12674
11 82 0.126725
11 83 0.356709
11 84 0.560471
11 85 1.28646
11 86 1.73366
11 87 0.671936
11 88 0.633452
11 89 1.06903
11 90 0.293134
11 91 0.757254
11 92 0.667279
11 93 0.366445
11 94 0.422039
11 95 1.61166
11 96 0.631703
11 97 0.70767
11 98 0.436871
11 99 0.370651
12 13 1.39778
12 14 1.90035
12 15 0.688017
12 16 0.195359
12 17 0.953279
12 18 1.90475
12 19 0.34757
12 20 1.31204
12 21 1.26184
12 22 0.881922
12 23 1.89133
12 24 0.221942
12 25 1.63195
12 26 1.03412
12 27 1.59087
12 28 0.985789
12 29 0.598505
12 30 1.59088
12 31 1.34238
12 32 0.439602
12 33 0.409217
12 34 0.93744
12 35 1.34944
12 36 0.477927
12 37 1.16716
12 38 1.52523
12 39 1.00686
12 40 0.373028
12 41 1.81785
12 42 1.79649
12 43 0.439602
12 44 0.832972
12 45 1.13026
12 46 0.562401
12 47 1.39642
12 48 0.827017
12 49 1.72695
12 50 0.79
12 51 1.66268
12 52 1.61517
12 53 1.22041
12 54 2.02024
12 55 1.09274
12 56 1.27682
12 57 1.78269
12 58 1.4337
12 59 0.399035
12 60 1.13207
12 61 0.231098
12 62 1.53137
12 63 1.03287
12 64 1.4991
12 65 1.38436
12 66 1.06678
12 67 0.348285
12 68 0.837976
12 69 0.617174
12 70 1.61457
12 71 1.25906
12 72 0.96211
12 73 1.19562
12 74 0.554241
12 75 1.50386
12 76 1.09344
12 77 1.22721
12 78 0.150104
12 79 1.83235
12 80 1.55658
12 81 1.53684
12 82 0.545152
12 83 0.651574
12 84 0.0946429
12 85 1.78497
12 86 2.01896
12 87 1.12038
12 88 1.12429
12 89 1.09857
12 90 0.746575
12 91 0.223768
12 92 0.473581
12 93 0.36373
12 94 0.741959
12 95 2.03663
12 96 0.501085
12 97 0.496043
12 98 0.886175
12 99 0.709335
13 14 1.34972
13 15 1.4236
13 16 1.37055
13 17 0.56846
13 18 0.967569
13 19 1.64068
13 20 0.822438
13 21 0.594156
13 22 1.72393
13 23 1.6481
13 24 1.24547
13 25 1.14222
13 26 0.368448
13 27 0.86645
13 28 0.726454
13 29 0.843943
13 30 1.54028
13 31 1.64487
13 32 0.965456
13 33 1.02314
13 34 0.462465
13 35 0.895563
13 36 1.01333
13 37 1.35133
13 38 1.41713
13 39 1.23115
13 40 1.0431
13 41 1.28303
13 42 1.21772
13 43 1.4507
13 44 1.08479
13 45 1.39536
13 46 1.5436
13 47 0.0824292
13 48 0.667778
13 49 0.628588
13 50 0.626689
13 51 1.02727
13 52 0.769152
13 53 0.815308
13 54 1.31699
13 55 0.461415
13 56 0.899631
13 57 1.55229
13 58 1.28743
13 59 1.02021
13 60 1.00638
13 61 1.30215
13 62 1.67397
13 63 1.11036
13 64 1.27309
13 65 0.387706
13 66 1.81411
13 67 1.06342
13 68 0.751338
13 69 0.909264
13 70 0.226295
13 71 0.354167
13 72 0.637025
13 73 0.402205
13 74 0.930474
13 75 1.23067
13 76 1.4119
13 77 1.67
13 78 1.54757
13 79 0.80916
13 80 0.204774
13 81 0.800779
13 82 0.885319
13 83 0.902954
13 84 1.40979
13 85 0.600312
13 86 1.52655
13 87 0.568057
13 88 0.439395
13 89 1.4573
13 90 0.714577
13 91 1.61134
13 92 1.39396
13 93 1.14439
13 94 0.860535
13 95 1.10127
13 96 1.33397
13 97 1.43155
13 98 0.696259
13 99 0.846163
14 15 1.37338
14 16 2.01397
14 17 1.69329
14 18 0.527786
14 19 1.89723
14 20 0.650038
14 21 0.835601
14 22 1.50075
14 23 0.417337
14 24 1.67855
14 25 0.273779
14 26 1.43242
14 27 0.484234
14 28 0.987765
14 29 1.70582
14 30 0.585752
14 31 0.965233
14 32 1.67902
14 33 1.76874
14 34 1.44192
14 35 0.586481
14 36 1.44418
14 37 0.863657
14 38 0.529528
14 39 0.952874
14 40 1.74835
14 41 0.0840829
14 42 0.133999
14 43 1.60593
14 44 1.0745
14 45 0.934606
14 46 1.58829
14 47 1.43184
14 48 1.70447
14 49 0.813768
14 50 1.56557
14 51 0.326173
14 52 0.585312
14 53 0.727325
14 54 0.203136
14 55 1.08463
14 56 0.646027
14 57 0.392954
14 58 0.531924
14 59 1.5641
14 60 0.7683
14 61 1.97792
14 62 0.808275
14 63 0.882112
14 64 0.448368
14 65 0.966629
14 66 1.43862
14 67 1.61212
14 68 1.13664
14 69 1.31865
14 70 1.30774
14 71 1.65957
14 72 1.07169
14 73 1.04657
14 74 1.38991
14 75 0.421279
14 76 0.984725
14 77 1.10856
14 78 2.00176
14 79 0.669952
14 80 1.49975
14 81 0.552569
14 82 1.70313
14 83 1.27914
14 84 1.84116
14 85 0.914039
14 86 0.17699
14 87 0.963493
14 88 1.07414
14 89 1.01789
14 90 1.29554
14 91 2.00888
14 92 1.53415
14 93 1.53832
14 94 1.19131
14 95 0.510575
14 96 1.47219
14 97 1.5438
14 98 1.79668
14 99 1.23727
15 16 0.8701
15 17 1.22923
15 18 1.54028
15 19 0.5442
15 20 0.933097
15 21 1.00819
15 22 0.307393
15 23 1.26775
15 24 0.521164
15 25 1.13436
15 26 1.14685
15 27 1.20763
15 28 0.738538
15 29 0.950553
15 30 0.950545
15 31 0.658198
15 32 0.794426
15 33 0.848411
15 34 1.06418
15 35 0.933547
15 36 0.510227
15 37 0.53423
15 38 0.910893
15 39 0.421183
15 40 0.802314
15 41 1.29876
15 42 1.29841
15 43 0.266399
15 44 0.38383
15 45 0.478913
15 46 0.215013
15 47 1.46107
15 48 1.13438
15 49 1.48362
15 50 1.01373
15 51 1.21855
15 52 1.28077
15 53 0.851345
15 54 1.53348
15 55 0.979132
15 56 0.859209
15 57 1.1673
15 58 0.851667
15 59 0.611935
15 60 0.665189
15 61 0.875951
15 62 0.85679
15 63 0.515088
15 64 0.930796
15 65 1.22254
15 66 0.446391
15 67 0.619291
15 68 0.673181
15 69 0.54412
15 70 1.58876
15 71 1.45664
15 72 0.798163
15 73 1.06948
15 74 0.559568
15 75 0.952384
15 76 0.433759
15 77 0.539321
15 78 0.724496
15 79 1.52512
15 80 1.6234
15 81 1.1776
15 82 0.904779
15 83 0.536094
15 84 0.598366
15 85 1.57456
15 86 1.45542
15 87 0.920485
15 88 1.00806
15 89 0.42689
15 90 0.734393
15 91 0.698307
15 92 0.215182
15 93 0.458263
15 94 0.563563
15 95 1.64781
15 96 0.195716
15 97 0.200832
15 98 1.23376
15 99 0.583967
16 17 0.873267
16 18 1.97154
16 19 0.528677
16 20 1.40042
16 21 1.32008
16 22 1.07628
16 23 2.03602
16 24 0.363893
16 25 1.74185
16 26 1.0021
16 27 1.67057
16 28 1.06111
16 29 0.531863
16 30 1.74434
16 31 1.51729
16 32 0.413311
16 33 0.347419
16 34 0.909402
16 35 1.44577
16 36 0.56985
16 37 1.32437
16 38 1.67085
16 39 1.15733
16 40 0.331671
16 41 1.9304
16 42 1.9033
16 43 0.63094
16 44 0.967503
16 45 1.29345
16 46 0.756385
16 47 1.35773
16 48 0.746899
16 49 1.76426
16 50 0.744973
16 51 1.7571
16 52 1.68088
16 53 1.31053
16 54 2.12014
16 55 1.12373
16 56 1.37651
16 57 1.92554
16 58 1.5713
16 59 0.456428
16 60 1.25026
16 61 0.0717472
16 62 1.69944
16 63 1.16748
16 64 1.63154
16 65 1.41154
16 66 1.26046
16 67 0.405588
16 68 0.90766
16 69 0.699903
16 70 1.59393
16 71 1.18612
16 72 1.01799
16 73 1.22304
16 74 0.630021
16 75 1.63148
16 76 1.25978
16 77 1.40878
16 78 0.277153
16 79 1.88471
16 80 1.51097
16 81 1.61172
16 82 0.486171
16 83 0.73835
16 84 0.289575
16 85 1.81147
16 86 2.14233
16 87 1.17295
16 88 1.15371
16 89 1.26889
16 90 0.786583
16 91 0.364517
16 92 0.658586
16 93 0.487496
16 94 0.828629
16 95 2.10782
16 96 0.677752
16 97 0.684329
16 98 0.785823
16 99 0.787727
17 18 1.43391
17 19 1.25932
17 20 1.05748
17 21 0.857999
17 22 1.53308
17 23 1.89279
17 24 0.867359
17 25 1.43819
17 26 0.268857
17 27 1.22999
17 28 0.776694
17 29 0.35487
17 30 1.69607
17 31 1.6654
17 32 0.523633
17 33 0.544703
17 34 0.254529
17 35 1.13063
17 36 0.724654
17 37 1.37958
17 38 1.58275
17 39 1.21568
17 40 0.580685
17 41 1.61412
17 42 1.56065
17 43 1.15258
17 44 1.01005
17 45 1.39602
17 46 1.27382
17 47 0.52783
17 48 0.127021
17 49 1.13099
17 50 0.21575
17 51 1.37286
17 52 1.1754
17 53 1.00106
17 54 1.71829
17 55 0.608911
17 56 1.0956
17 57 1.78361
17 58 1.45165
17 59 0.65946
17 60 1.10092
17 61 0.801604
17 62 1.76378
17 63 1.13264
17 64 1.47049
17 65 0.792833
17 66 1.67086
17 67 0.682326
17 68 0.685612
17 69 0.695081
17 70 0.79083
17 71 0.313216
17 72 0.667332
17 73 0.654969
17 74 0.66981
17 75 1.4428
17 76 1.39232
17 77 1.63548
17 78 1.09968
17 79 1.2968
17 80 0.660176
17 81 1.15903
17 82 0.408875
17 83 0.714873
17 84 0.994119
17 85 1.13378
17 86 1.86078
17 87 0.734744
17 88 0.619507
17 89 1.42821
17 90 0.537663
17 91 1.17702
17 92 1.11798
17 93 0.819914
17 94 0.734052
17 95 1.57582
17 96 1.07679
17 97 1.15851
17 98 0.128569
17 99 0.690589
18 19 1.99573
18 20 0.614645
18 21 0.652407
18 22 1.74858
18 23 0.937097
18 24 1.69026
18 25 0.513886
18 26 1.16591
18 27 0.332885
18 28 0.918987
18 29 1.55265
18 30 1.02048
18 31 1.33501
18 32 1.58116
18 33 1.66725
18 34 1.2087
18 35 0.606736
18 36 1.4269
18 37 1.13394
18 38 0.922232
18 39 1.1445
18 40 1.66077
18 41 0.507589
18 42 0.442511
18 43 1.71839
18 44 1.1709
18 45 1.20672
18 46 1.74181
18 47 1.04799
18 48 1.48192
18 49 0.346547
18 50 1.36657
18 51 0.363521
18 52 0.2907
18 53 0.704042
18 54 0.398209
18 55 0.876682
18 56 0.68132
18 57 0.888662
18 58 0.852186
18 59 1.51906
18 60 0.875728
18 61 1.92039
18 62 1.23398
18 63 1.02931
18 64 0.780072
18 65 0.641144
18 66 1.73819
18 67 1.57118
18 68 1.06818
18 69 1.28758
18 70 0.862496
18 71 1.31391
18 72 0.953717
18 73 0.796432
18 74 1.35195
18 75 0.730136
18 76 1.25097
18 77 1.44772
18 78 2.03201
18 79 0.167375
18 80 1.07294
18 81 0.372523
18 82 1.56699
18 83 1.25359
18 84 1.86843
18 85 0.420661
18 86 0.683539
18 87 0.801184
18 88 0.85278
18 89 1.29501
18 90 1.18782
18 91 2.06133
18 92 1.6448
18 93 1.5492
18 94 1.16395
18 95 0.142592
18 96 1.57626
18 97 1.66648
18 98 1.55479
18 99 1.19549
19 20 1.38215
19 21 1.38904
19 22 0.624019
19 23 1.81189
19 24 0.399725
19 25 1.64462
19 26 1.29367
19 27 1.66657
19 28 1.10021
19 29 0.908748
19 30 1.49456
19 31 1.18185
19 32 0.735848
19 33 0.73035
19 34 1.19695
19 35 1.40189
19 36 0.634711
19 37 1.07746
19 38 1.45363
19 39 0.949104
19 40 0.687174
19 41 1.81919
19 42 1.81102
19 43 0.291371
19 44 0.836824
19 45 1.02309
19 46 0.343727
19 47 1.65243
19 48 1.13677
19 49 1.87233
19 50 1.0731
19 51 1.70716
19 52 1.71582
19 53 1.29184
19 54 2.04413
19 55 1.27112
19 56 1.32595
19 57 1.71086
19 58 1.38726
19 59 0.624707
19 60 1.14925
19 61 0.576295
19 62 1.38998
19 63 1.01712
19 64 1.46339
19 65 1.55557
19 66 0.809882
19 67 0.587902
19 68 0.975045
19 69 0.760839
19 70 1.84458
19 71 1.55242
19 72 1.11102
19 73 1.37407
19 74 0.72038
19 75 1.47995
19 76 0.97752
19 77 1.04244
19 78 0.267698
19 79 1.95036
19 80 1.81704
19 81 1.62342
19 82 0.853762
19 83 0.78269
19 84 0.274344
19 85 1.94589
19 86 1.99067
19 87 1.26429
19 88 1.3033
19 89 0.96762
19 90 0.938053
19 91 0.196904
19 92 0.363285
19 93 0.499666
19 94 0.860397
19 95 2.11672
19 96 0.427514
19 97 0.354822
19 98 1.20809
19 99 0.846538
20 21 0.229853
20 22 1.16511
20 23 0.848153
20 24 1.09276
20 25 0.383498
20 26 0.807323
20 27 0.284547
20 28 0.344814
20 29 1.0568
20 30 0.718338
20 31 0.877647
20 32 1.04031
20 33 1.12988
20 34 0.803282
20 35 0.0758938
20 36 0.83698
20 37 0.609384
20 38 0.595053
20 39 0.563647
20 40 1.11358
20 41 0.567345
20 42 0.523602
20 43 1.10375
20 44 0.557472
20 45 0.673067
20 46 1.12986
20 47 0.897297
20 48 1.05872
20 49 0.576996
20 50 0.917408
20 51 0.358202
20 52 0.347993
20 53 0.0918957
20 54 0.72372
20 55 0.452967
20 56 0.0932939
20 57 0.744389
20 58 0.46687
20 59 0.94415
20 60 0.282222
20 61 1.35705
20 62 0.866092
20 63 0.436785
20 64 0.451331
20 65 0.454007
20 66 1.18494
20 67 0.994847
20 68 0.498227
20 69 0.701393
20 70 0.87305
20 71 1.07271
20 72 0.421854
20 73 0.444016
20 74 0.770509
20 75 0.41107
20 76 0.707468
20 77 0.945601
20 78 1.43165
20 79 0.593039
20 80 1.01175
20 81 0.245115
20 82 1.05615
20 83 0.664029
20 84 1.26768
20 85 0.68159
20 86 0.809085
20 87 0.322963
20 88 0.450048
20 89 0.755069
20 90 0.649653
20 91 1.45529
20 92 1.03016
20 93 0.950268
20 94 0.573086
20 95 0.735013
20 96 0.961617
20 97 1.0521
20 98 1.15409
20 99 0.612704
21 22 1.2747
21 23 1.07326
21 24 1.05315
21 25 0.58739
21 26 0.597321
21 27 0.380691
21 28 0.288891
21 29 0.911759
21 30 0.946226
21 31 1.07407
21 32 0.92935
21 33 1.01611
21 34 0.608323
21 35 0.304785
21 36 0.786829
21 37 0.789387
21 38 0.823157
21 39 0.7031
21 40 1.00858
21 41 0.7573
21 42 0.702697
21 43 1.13114
21 44 0.625674
21 45 0.844121
21 46 1.18271
21 47 0.667985
21 48 0.876053
21 49 0.484769
21 50 0.744081
21 51 0.515369
21 52 0.362591
21 53 0.227
21 54 0.868717
21 55 0.250885
21 56 0.30592
21 57 0.971596
21 58 0.693276
21 59 0.870176
21 60 0.439503
21 61 1.26815
21 62 1.08409
21 63 0.572868
21 64 0.68111
21 65 0.243715
21 66 1.32334
21 67 0.922409
21 68 0.424862
21 69 0.64749
21 70 0.662935
21 71 0.84698
21 72 0.302281
21 73 0.217946
21 74 0.707663
21 75 0.640775
21 76 0.870315
21 77 1.12206
21 78 1.39491
21 79 0.570679
21 80 0.786954
21 81 0.311908
21 82 0.921262
21 83 0.616996
21 84 1.23302
21 85 0.567995
21 86 1.00485
21 87 0.149342
21 88 0.238565
21 89 0.9179
21 90 0.535417
21 91 1.43163
21 92 1.06046
21 93 0.9155
21 94 0.531673
21 95 0.790895
21 96 0.991757
21 97 1.08919
21 98 0.964192
21 99 0.555437
22 23 1.31052
22 24 0.76671
22 25 1.29414
22 26 1.45399
22 27 1.42169
22 28 1.02182
22 29 1.24183
22 30 0.990436
22 31 0.618094
22 32 1.07791
22 33 1.1216
22 34 1.37158
22 35 1.15031
22 36 0.809899
22 37 0.639447
22 38 0.988994
22 39 0.605498
22 40 1.07414
22 41 1.43523
22 42 1.4488
22 43 0.449907
22 44 0.654585
22 45 0.566951
22 46 0.320043
22 47 1.76408
22 48 1.43474
22 49 1.73498
22 50 1.31809
22 51 1.40386
22 52 1.51035
22 53 1.09308
22 54 1.68077
22 55 1.27292
22 56 1.08109
22 57 1.22551
22 58 0.969523
22 59 0.899788
22 60 0.883927
22 61 1.09806
22 62 0.834473
22 63 0.728507
22 64 1.05365
22 65 1.5009
22 66 0.187255
22 67 0.898885
22 68 0.972629
22 69 0.851445
22 70 1.88137
22 71 1.76402
22 72 1.092
22 73 1.35869
22 74 0.864654
22 75 1.08737
22 76 0.517256
22 77 0.46086
22 78 0.869725
22 79 1.75539
22 80 1.92526
22 81 1.40271
22 82 1.19334
22 83 0.843279
22 84 0.78728
22 85 1.83234
22 86 1.55079
22 87 1.20288
22 88 1.30059
22 89 0.482896
22 90 1.04149
22 91 0.815776
22 92 0.445385
22 93 0.738635
22 94 0.86682
22 95 1.84227
22 96 0.465782
22 97 0.409234
22 98 1.53193
22 99 0.889872
23 24 1.67747
23 25 0.510882
23 26 1.65214
23 27 0.806876
23 28 1.12511
23 29 1.82877
23 30 0.321815
23 31 0.704231
23 32 1.76269
23 33 1.84948
23 34 1.63878
23 35 0.772345
23 36 1.48485
23 37 0.735656
23 38 0.3661
23 39 0.884874
23 40 1.81981
23 41 0.430482
23 42 0.498626
23 43 1.5274
23 44 1.06942
23 45 0.789145
23 46 1.4759
23 47 1.72734
23 48 1.87747
23 49 1.18785
23 50 1.73032
23 51 0.652391
23 52 0.929351
23 53 0.892921
23 54 0.606288
23 55 1.29869
23 56 0.797993
23 57 0.112779
23 58 0.470245
23 59 1.61597
23 60 0.822876
23 61 2.01353
23 62 0.499939
23 63 0.871202
23 64 0.428098
23 65 1.26148
23 66 1.20429
23 67 1.65716
23 68 1.25064
23 69 1.38257
23 70 1.64696
23 71 1.91998
23 72 1.22937
23 73 1.29063
23 74 1.45171
23 75 0.450428
23 76 0.835931
23 77 0.863776
23 78 1.96675
23 79 1.06562
23 80 1.82047
23 81 0.861404
23 82 1.81374
23 83 1.34329
23 84 1.81719
23 85 1.29539
23 86 0.325617
23 87 1.16632
23 88 1.29772
23 89 0.851994
23 90 1.41852
23 91 1.95559
23 92 1.4628
23 93 1.54859
23 94 1.26765
23 95 0.927898
23 96 1.41175
23 97 1.46142
23 98 1.97871
23 99 1.31864
24 25 1.41001
24 26 0.894559
24 27 1.37312
24 28 0.771985
24 29 0.52517
24 30 1.38204
24 31 1.15662
24 32 0.349482
24 33 0.367713
24 34 0.797653
24 35 1.12861
24 36 0.266571
24 37 0.960917
24 38 1.31159
24 39 0.795462
24 40 0.320213
24 41 1.59599
24 42 1.57457
24 43 0.322415
24 44 0.613662
24 45 0.929579
24 46 0.456003
24 47 1.25445
24 48 0.7482
24 49 1.52582
24 50 0.67492
24 51 1.44182
24 52 1.40177
24 53 1.00097
24 54 1.79861
24 55 0.900971
24 56 1.05563
24 57 1.56787
24 58 1.21641
24 59 0.225831
24 60 0.910316
24 61 0.358065
24 62 1.33598
24 63 0.814021
24 64 1.28018
24 65 1.19138
24 66 0.94156
24 67 0.18848
24 68 0.628322
24 69 0.40566
24 70 1.45377
24 71 1.15461
24 72 0.757603
24 73 1.00464
24 74 0.34897
24 75 1.28373
24 76 0.896264
24 77 1.05433
24 78 0.342131
24 79 1.62359
24 80 1.41859
24 81 1.3206
24 82 0.470788
24 83 0.437364
24 84 0.180038
24 85 1.58955
24 86 1.79829
24 87 0.915654
24 88 0.933052
24 89 0.906459
24 90 0.557293
24 91 0.382138
24 92 0.323415
24 93 0.142588
24 94 0.526344
24 95 1.82052
24 96 0.325465
24 97 0.357648
24 98 0.828047
24 99 0.497789
25 26 1.18288
25 27 0.298813
25 28 0.715491
25 29 1.43487
25 30 0.511351
25 31 0.826174
25 32 1.40538
25 33 1.49509
25 34 1.1847
25 35 0.315725
25 36 1.17201
25 37 0.65727
25 38 0.408562
25 39 0.714375
25 40 1.47457
25 41 0.189698
25 42 0.166578
25 43 1.35441
25 44 0.812965
25 45 0.730983
25 46 1.34759
25 47 1.22256
25 48 1.44216
25 49 0.693041
25 50 1.30081
25 51 0.15958
25 52 0.424705
25 53 0.455899
25 54 0.400062
25 55 0.830173
25 56 0.372493
25 57 0.426911
25 58 0.345782
25 59 1.2909
25 60 0.502007
25 61 1.70495
25 62 0.720768
25 63 0.627878
25 64 0.268434
25 65 0.754565
25 66 1.25745
25 67 1.33919
25 68 0.863342
25 69 1.04537
25 70 1.13624
25 71 1.42959
25 72 0.802628
25 73 0.8042
25 74 1.11657
25 75 0.22084
25 76 0.779182
25 77 0.94837
25 78 1.73708
25 79 0.599869
25 80 1.31057
25 81 0.350574
25 82 1.43097
25 83 1.00594
25 84 1.57534
25 85 0.804144
25 86 0.425707
25 87 0.703873
25 88 0.823139
25 89 0.818712
25 90 1.02337
25 91 1.74775
25 92 1.28154
25 93 1.26896
25 94 0.91779
25 95 0.569345
25 96 1.21746
25 97 1.29421
25 98 1.537
25 99 0.963553
26 27 0.963885
26 28 0.564598
26 29 0.477129
26 30 1.47714
26 31 1.49214
26 32 0.598464
26 33 0.654692
26 34 0.0972348
26 35 0.882184
26 36 0.684459
26 37 1.19846
26 38 1.35952
26 39 1.04791
26 40 0.675178
26 41 1.35458
26 42 1.29908
26 43 1.12957
26 44 0.861438
26 45 1.22596
26 46 1.2353
26 47 0.36249
26 48 0.327068
26 49 0.869423
26 50 0.259157
26 51 1.10965
26 52 0.906704
26 53 0.760104
26 54 1.45123
26 55 0.354356
26 56 0.855017
26 57 1.54525
26 58 1.22685
26 59 0.668995
26 60 0.889179
26 61 0.933783
26 62 1.56668
26 63 0.947491
26 64 1.23701
26 65 0.525283
26 66 1.56936
26 67 0.708255
26 68 0.51433
26 69 0.605433
26 70 0.592604
26 71 0.317792
26 72 0.453462
26 73 0.388371
26 74 0.608399
26 75 1.2052
26 76 1.23038
26 77 1.48395
26 78 1.1842
26 79 1.03136
26 80 0.524737
26 81 0.892838
26 82 0.517133
26 83 0.610756
26 84 1.05177
26 85 0.880881
26 86 1.60217
26 87 0.485892
26 88 0.359756
26 89 1.27092
26 90 0.412491
26 91 1.25085
26 92 1.0805
26 93 0.80736
26 94 0.596919
26 95 1.30803
26 96 1.02699
26 97 1.12
26 98 0.389262
26 99 0.566262
27 28 0.609555
27 29 1.28974
27 30 0.789665
27 31 1.04967
27 32 1.29518
27 33 1.38365
27 34 0.984851
27 35 0.274324
27 36 1.11373
27 37 0.821359
27 38 0.674828
27 39 0.81632
27 40 1.37191
27 41 0.416731
27 42 0.351426
27 43 1.38713
27 44 0.838473
27 45 0.892316
27 46 1.40896
27 47 0.948357
27 48 1.25508
27 49 0.400715
27 50 1.12468
27 51 0.161324
27 52 0.127638
27 53 0.375685
27 54 0.489225
27 55 0.629729
27 56 0.348491
27 57 0.725712
27 58 0.576593
27 59 1.21457
27 60 0.543757
27 61 1.6237
27 62 0.982809
27 63 0.698196
27 64 0.520368
27 65 0.482397
27 66 1.42108
27 67 1.26611
27 68 0.762955
27 69 0.975943
27 70 0.841527
27 71 1.17675
27 72 0.663233
27 73 0.575529
27 74 1.04317
27 75 0.468669
27 76 0.933974
27 77 1.14699
27 78 1.71334
27 79 0.34506
27 80 1.02336
27 81 0.0710562
27 82 1.29651
27 83 0.93997
27 84 1.54938
27 85 0.513135
27 86 0.660632
27 87 0.525479
27 88 0.613596
27 89 0.979575
27 90 0.899361
27 91 1.73872
27 92 1.31342
27 93 1.23097
27 94 0.84919
27 95 0.450495
27 96 1.24509
27 97 1.33445
27 98 1.34059
27 99 0.885128
28 29 0.720193
28 30 0.919818
28 31 0.936474
28 32 0.695541
28 33 0.78515
28 34 0.528044
28 35 0.401563
28 36 0.507915
28 37 0.640863
28 38 0.806077
28 39 0.50638
28 40 0.768887
28 41 0.903999
28 42 0.865236
28 43 0.843809
28 44 0.368125
28 45 0.676522
28 46 0.901142
28 47 0.78131
28 48 0.752635
28 49 0.773186
28 50 0.605222
28 51 0.702779
28 52 0.629849
28 53 0.26073
28 54 1.06846
28 55 0.265201
28 56 0.344771
28 57 1.01403
28 58 0.675254
28 59 0.605015
28 60 0.326117
28 61 1.01523
28 62 1.00211
28 63 0.391663
28 64 0.69843
28 65 0.484226
28 66 1.09439
28 67 0.656577
28 68 0.154149
28 69 0.368667
28 70 0.862387
28 71 0.872107
28 72 0.111473
28 73 0.338787
28 74 0.43425
28 75 0.675353
28 76 0.688775
28 77 0.946886
28 78 1.11407
28 79 0.854339
28 80 0.931227
28 81 0.552241
28 82 0.715496
28 83 0.334762
28 84 0.950975
28 85 0.852386
28 86 1.13845
28 87 0.182001
28 88 0.287787
28 89 0.733137
28 90 0.307878
28 91 1.14706
28 92 0.773938
28 93 0.631974
28 94 0.246072
28 95 1.05134
28 96 0.705609
28 97 0.803917
28 98 0.854892
28 99 0.276784
29 30 1.58595
29 31 1.4772
29 32 0.175689
29 33 0.191109
29 34 0.390128
29 35 1.11958
29 36 0.444709
29 37 1.21431
29 38 1.4856
29 39 1.03926
29 40 0.22583
29 41 1.62243
29 42 1.5804
29 43 0.829519
29 44 0.82238
29 45 1.21327
29 46 0.957755
29 47 0.826978
29 48 0.229273
29 49 1.29886
29 50 0.218042
29 51 1.40783
29 52 1.26919
29 53 0.978999
29 54 1.77144
29 55 0.676
29 56 1.06496
29 57 1.71619
29 58 1.36306
29 59 0.342197
29 60 1.0062
29 61 0.461583
29 62 1.61047
29 63 0.988705
29 64 1.40118
29 65 0.941066
29 66 1.39678
29 67 0.35034
29 68 0.580093
29 69 0.476361
29 70 1.06927
29 71 0.66204
29 72 0.6353
29 73 0.761938
29 74 0.422751
29 75 1.38498
29 76 1.19813
29 77 1.4183
29 78 0.745487
29 79 1.44119
29 80 0.979126
29 81 1.22272
29 82 0.0549992
29 83 0.510073
29 84 0.640574
29 85 1.32945
29 86 1.8586
29 87 0.764412
29 88 0.700736
29 89 1.22602
29 90 0.413714
29 91 0.822203
29 92 0.806048
29 93 0.50494
29 94 0.568789
29 95 1.69428
29 96 0.77623
29 97 0.845897
29 98 0.302896
29 99 0.517388
30 31 0.395865
30 32 1.50088
30 33 1.58461
30 34 1.44761
30 35 0.647116
30 36 1.20944
30 37 0.424659
30 38 0.123329
30 39 0.587042
30 40 1.55114
30 41 0.550101
30 42 0.596633
30 43 1.21285
30 44 0.788358
30 45 0.471846
30 46 1.15645
30 47 1.61398
30 48 1.66339
30 49 1.19032
30 50 1.51477
30 51 0.670414
30 52 0.91677
30 53 0.731673
30 54 0.788057
30 55 1.13572
30 56 0.64214
30 57 0.237267
30 58 0.253971
30 59 1.34245
30 60 0.595403
30 61 1.72705
30 62 0.2229
30 63 0.600238
30 64 0.275486
30 65 1.16934
30 66 0.892335
30 67 1.37981
30 68 1.02257
30 69 1.12113
30 70 1.5827
30 71 1.76928
30 72 1.03039
30 73 1.15186
30 74 1.187
30 75 0.324965
30 76 0.517085
30 77 0.551747
30 78 1.65854
30 79 1.11061
30 80 1.72984
30 81 0.822548
30 82 1.56457
30 83 1.08338
30 84 1.51307
30 85 1.30279
30 86 0.581366
30 87 1.00393
30 88 1.14213
30 89 0.530914
30 90 1.18792
30 91 1.64329
30 92 1.1503
30 93 1.25933
30 94 1.01723
30 95 1.05516
30 96 1.10238
30 97 1.14668
30 98 1.76821
30 99 1.06869
31 32 1.35617
31 33 1.42928
31 34 1.43887
31 35 0.826245
31 36 1.04941
31 37 0.2957
31 38 0.437019
31 39 0.449721
31 40 1.38854
31 41 0.916516
31 42 0.950101
31 43 0.922722
31 44 0.660349
31 45 0.269392
31 46 0.838259
31 47 1.70788
31 48 1.60472
31 49 1.4327
31 50 1.46084
31 51 0.971537
31 52 1.16701
31 53 0.848054
31 54 1.16293
31 55 1.19419
31 56 0.785055
31 57 0.632082
31 58 0.482831
31 59 1.17863
31 60 0.639533
31 61 1.51441
31 62 0.216393
31 63 0.545662
31 64 0.55781
31 65 1.31699
31 66 0.50006
31 67 1.20437
31 68 0.984466
31 69 1.0023
31 70 1.737
31 71 1.8058
31 72 1.04363
31 73 1.24272
31 74 1.05494
31 75 0.605979
31 76 0.279075
31 77 0.160217
31 78 1.38216
31 79 1.39286
31 80 1.84696
31 81 1.05999
31 82 1.44393
31 83 0.971632
31 84 1.25488
31 85 1.54322
31 86 0.976676
31 87 1.07715
31 88 1.21063
31 89 0.254726
31 90 1.12841
31 91 1.35145
31 92 0.872835
31 93 1.05843
31 94 0.933869
31 95 1.39481
31 96 0.841541
31 97 0.85825
31 98 1.71131
31 99 0.980781
32 33 0.0897503
32 34 0.503035
32 35 1.09538
32 36 0.3069
32 37 1.10888
32 38 1.40853
32 39 0.932598
32 40 0.0822933
32 41 1.59496
32 42 1.55934
32 43 0.656816
32 44 0.71778
32 45 1.09912
32 46 0.786619
32 47 0.959527
32 48 0.401141
32 49 1.35694
32 50 0.350414
32 51 1.39795
32 52 1.29193
32 53 0.955235
32 54 1.76371
32 55 0.717554
32 56 1.03299
32 57 1.64997
32 58 1.29271
32 59 0.183534
32 60 0.943614
32 61 0.350697
32 62 1.50426
32 63 0.900858
32 64 1.33961
32 65 1.00181
32 66 1.23855
32 67 0.179488
32 68 0.543238
32 69 0.380768
32 70 1.18628
32 71 0.822513
32 72 0.63228
32 73 0.814418
32 74 0.313895
32 75 1.3295
32 76 1.0786
32 77 1.28449
32 78 0.589329
32 79 1.48457
32 80 1.11821
32 81 1.23209
32 82 0.121463
32 83 0.419633
32 84 0.471558
32 85 1.40042
32 86 1.82233
32 87 0.780153
32 88 0.746492
32 89 1.10205
32 90 0.395934
32 91 0.661093
32 92 0.637288
32 93 0.339409
32 94 0.497006
32 95 1.72023
32 96 0.612561
32 97 0.676568
32 98 0.478569
32 99 0.447255
33 34 0.562159
33 35 1.18512
33 36 0.381619
33 37 1.1882
33 38 1.49393
33 39 1.01214
33 40 0.0477911
33 41 1.68468
33 42 1.64908
33 43 0.687373
33 44 0.798962
33 45 1.1756
33 46 0.819972
33 47 1.01132
33 48 0.418088
33 49 1.43734
33 50 0.398161
33 51 1.48742
33 52 1.37855
33 53 1.04495
33 54 1.85318
33 55 0.799808
33 56 1.12272
33 57 1.73683
33 58 1.37932
33 59 0.250648
33 60 1.03169
33 61 0.279813
33 62 1.58246
33 63 0.985219
33 64 1.42731
33 65 1.08091
33 66 1.28816
33 67 0.230244
33 68 0.632972
33 69 0.466919
33 70 1.24659
33 71 0.853128
33 72 0.720491
33 73 0.894822
33 74 0.398438
33 75 1.41784
33 76 1.15312
33 77 1.35175
33 78 0.55498
33 79 1.56817
33 80 1.16627
33 81 1.32016
33 82 0.140664
33 83 0.50622
33 84 0.45793
33 85 1.47767
33 86 1.91177
33 87 0.866789
33 88 0.82804
33 89 1.17465
33 90 0.484298
33 91 0.632943
33 92 0.676835
33 93 0.390195
33 94 0.585412
33 95 1.80677
33 96 0.660104
33 97 0.714633
33 98 0.479211
33 99 0.536048
34 35 0.876208
34 36 0.591864
34 37 1.14794
34 38 1.3327
34 39 0.991003
34 40 0.580764
34 41 1.36207
34 42 1.30986
34 43 1.03701
34 44 0.796054
34 45 1.17066
34 46 1.14507
34 47 0.459567
34 48 0.273515
34 49 0.927576
34 50 0.173743
34 51 1.12367
34 52 0.939183
34 53 0.746645
34 54 1.47406
34 55 0.357661
34 56 0.84127
34 57 1.52992
34 58 1.20095
34 59 0.572239
34 60 0.853972
34 61 0.841847
34 62 1.52472
34 63 0.897949
34 64 1.21755
34 65 0.574412
34 66 1.49245
34 67 0.611119
34 68 0.454647
34 69 0.520441
34 70 0.684576
34 71 0.392597
34 72 0.417216
34 73 0.415253
34 74 0.518103
34 75 1.18906
34 76 1.17178
34 77 1.42211
34 78 1.08748
34 79 1.08211
34 80 0.621966
34 81 0.914283
34 82 0.426664
34 83 0.529249
34 84 0.954547
34 85 0.94816
34 86 1.60814
34 87 0.48087
34 88 0.371324
34 89 1.21064
34 90 0.332999
34 91 1.15376
34 92 0.989635
34 93 0.712561
34 94 0.524941
34 95 1.35128
34 96 0.93775
34 97 1.02942
34 98 0.355972
34 99 0.489719
35 36 0.878425
35 37 0.569578
35 38 0.523802
35 39 0.544968
35 40 1.16676
35 41 0.502915
35 42 0.46401
35 43 1.11888
35 44 0.568203
35 45 0.636842
35 46 1.13616
35 47 0.971135
35 48 1.12903
35 49 0.611933
35 50 0.986416
35 51 0.313247
35 52 0.362409
35 53 0.140884
35 54 0.67437
35 55 0.527881
35 56 0.0760111
35 57 0.668499
35 58 0.397906
35 59 0.990718
35 60 0.269493
35 61 1.40488
35 62 0.802198
35 63 0.42435
35 64 0.377528
35 65 0.522473
35 66 1.15843
35 67 1.04056
35 68 0.552151
35 69 0.745908
35 70 0.938808
35 71 1.1486
35 72 0.48694
35 73 0.519805
35 74 0.816225
35 75 0.336072
35 76 0.674747
35 77 0.903816
35 78 1.46452
35 79 0.606063
35 80 1.08289
35 81 0.253345
35 82 1.11669
35 83 0.707463
35 84 1.30084
35 85 0.720244
35 86 0.741066
35 87 0.396969
35 88 0.5256
35 89 0.721679
35 90 0.709149
35 91 1.48413
35 92 1.04504
35 93 0.986079
35 94 0.617192
35 95 0.717767
35 96 0.977325
35 97 1.06451
35 98 1.2255
35 99 0.659856
36 37 0.807271
36 38 1.12403
36 39 0.631548
36 40 0.343956
36 41 1.36057
36 42 1.33374
36 43 0.4452
36 44 0.42116
36 45 0.794023
36 46 0.555637
36 47 1.03232
36 48 0.624991
36 49 1.25962
36 50 0.511271
36 51 1.19103
36 52 1.13755
36 53 0.745872
36 54 1.55229
36 55 0.63969
36 56 0.807911
36 57 1.37285
36 58 1.01551
36 59 0.133238
36 60 0.682623
36 61 0.535593
36 62 1.20094
36 63 0.614253
36 64 1.0704
36 65 0.92826
36 66 0.95624
36 67 0.172456
36 68 0.36197
36 69 0.139616
36 70 1.2118
36 71 0.975533
36 72 0.491265
36 73 0.743254
36 74 0.0857915
36 75 1.06687
36 76 0.772233
36 77 0.978961
36 78 0.60808
36 79 1.35742
36 80 1.19795
36 81 1.05904
36 82 0.403202
36 83 0.173801
36 84 0.446605
36 85 1.32481
36 86 1.57443
36 87 0.649174
36 88 0.671897
36 89 0.79518
36 90 0.303551
36 91 0.647498
36 92 0.399377
36 93 0.135637
36 94 0.264559
36 95 1.55875
36 96 0.352911
36 97 0.439615
36 98 0.723577
36 99 0.231937
37 38 0.376705
37 39 0.176298
37 40 1.15122
37 41 0.796276
37 42 0.809555
37 43 0.791776
37 44 0.392651
37 45 0.0737991
37 46 0.74601
37 47 1.41327
37 48 1.3255
37 49 1.1813
37 50 1.17942
37 51 0.777469
37 52 0.927508
37 53 0.566945
37 54 1.04134
37 55 0.898788
37 56 0.516252
37 57 0.633407
37 58 0.331767
37 59 0.940175
37 60 0.3503
37 61 1.31044
37 62 0.396377
37 63 0.250984
37 64 0.415392
37 65 1.0331
37 66 0.604783
37 67 0.973167
37 68 0.695042
37 69 0.738479
37 70 1.45081
37 71 1.51106
37 72 0.748477
37 73 0.949543
37 74 0.798029
37 75 0.447928
37 76 0.122304
37 77 0.336318
37 78 1.23407
37 79 1.16559
37 80 1.55416
37 81 0.818007
37 82 1.18584
37 83 0.70426
37 84 1.08856
37 85 1.2887
37 86 0.92808
37 87 0.783281
37 88 0.915685
37 89 0.16211
37 90 0.84556
37 91 1.22036
37 92 0.727365
37 93 0.843073
37 94 0.655285
37 95 1.21584
37 96 0.677984
37 97 0.72585
37 98 1.43217
37 99 0.704507
38 39 0.51896
38 40 1.4624
38 41 0.479596
38 42 0.515776
38 43 1.16652
38 44 0.705713
38 45 0.437464
38 46 1.12252
38 47 1.49102
38 48 1.5541
38 49 1.07469
38 50 1.40558
38 51 0.564804
38 52 0.801091
38 53 0.61
38 54 0.725972
38 55 1.0157
38 56 0.519627
38 57 0.258788
38 58 0.132877
38 59 1.25614
38 60 0.485104
38 61 1.64959
38 62 0.312464
38 63 0.509909
38 64 0.155413
38 65 1.04609
38 66 0.912434
38 67 1.29588
38 68 0.915507
38 69 1.02778
38 70 1.45992
38 71 1.649
38 72 0.915789
38 73 1.02969
38 74 1.09549
38 75 0.206517
38 76 0.486709
38 77 0.579278
38 78 1.60174
38 79 1.00278
38 80 1.60651
38 81 0.704283
38 82 1.46667
38 83 0.989162
38 84 1.45136
38 85 1.18725
38 86 0.561793
38 87 0.883455
38 88 1.02133
38 89 0.510891
38 90 1.08229
38 91 1.5924
38 92 1.10042
38 93 1.18362
38 94 0.918422
38 95 0.968127
38 96 1.0477
38 97 1.10089
38 98 1.65818
38 99 0.969872
39 40 0.975489
39 41 0.877675
39 42 0.877633
39 43 0.65825
39 44 0.216929
39 45 0.180358
39 46 0.635732
39 47 1.2876
39 48 1.15643
39 49 1.13903
39 50 1.01173
39 51 0.807169
39 52 0.905977
39 53 0.49902
39 54 1.11274
39 55 0.771046
39 56 0.476925
39 57 0.777312
39 58 0.438913
39 59 0.76461
39 60 0.281462
39 61 1.14046
39 62 0.572365
39 63 0.130715
39 64 0.514293
39 65 0.943047
39 66 0.624118
39 67 0.798535
39 68 0.536377
39 69 0.563039
39 70 1.35088
39 71 1.3639
39 72 0.607177
39 73 0.834623
39 74 0.621869
39 75 0.532584
39 76 0.183304
39 77 0.440749
39 78 1.08352
39 79 1.15063
39 80 1.43572
39 81 0.797792
39 82 1.01006
39 83 0.529501
39 84 0.932398
39 85 1.24064
39 86 1.04161
39 87 0.66793
39 88 0.791773
39 89 0.226783
39 90 0.678824
39 91 1.07715
39 92 0.588825
39 93 0.672627
39 94 0.485159
39 95 1.24275
39 96 0.532136
39 97 0.594306
39 98 1.26311
39 99 0.533119
40 41 1.66427
40 42 1.63028
40 43 0.639592
40 44 0.763883
40 45 1.1368
40 46 0.772181
40 47 1.03468
40 48 0.454951
40 49 1.43897
40 50 0.422457
40 51 1.47166
40 52 1.37115
40 53 1.02726
40 54 1.8373
40 55 0.799312
40 56 1.10274
40 57 1.7073
40 58 1.34957
40 59 0.211221
40 60 1.00493
40 61 0.268427
40 62 1.54449
40 63 0.952882
40 64 1.39945
40 65 1.08403
40 66 1.24123
40 67 0.185951
40 68 0.615446
40 69 0.438263
40 70 1.26501
40 71 0.88619
40 72 0.709935
40 73 0.896517
40 74 0.368253
40 75 1.3914
40 76 1.11326
40 77 1.30868
40 78 0.520959
40 79 1.5657
40 80 1.19171
40 81 1.30956
40 82 0.172131
40 83 0.477986
40 84 0.416246
40 85 1.48271
40 86 1.88892
40 87 0.859591
40 88 0.828406
40 89 1.13383
40 90 0.4738
40 91 0.596578
40 92 0.629242
40 93 0.344385
40 94 0.560299
40 95 1.79943
40 96 0.613222
40 97 0.666956
40 98 0.521011
40 99 0.51217
41 42 0.0703583
41 43 1.52807
41 44 0.993624
41 45 0.868299
41 46 1.51341
41 47 1.36482
41 48 1.62337
41 49 0.767932
41 50 1.48379
41 51 0.255779
41 52 0.525755
41 53 0.643694
41 54 0.248201
41 55 1.00522
41 56 0.561977
41 57 0.383936
41 58 0.465973
41 59 1.4802
41 60 0.685998
41 61 1.8941
41 62 0.772656
41 63 0.802842
41 64 0.381746
41 65 0.897649
41 66 1.38011
41 67 1.5283
41 68 1.05265
41 69 1.23473
41 70 1.25082
41 71 1.5872
41 72 0.988696
41 73 0.970133
41 74 1.30598
41 75 0.349573
41 76 0.918138
41 77 1.05481
41 78 1.92033
41 79 0.636349
41 80 1.43839
41 81 0.48276
41 82 1.61944
41 83 1.19524
41 84 1.75938
41 85 0.8722
41 86 0.248047
41 87 0.882699
41 88 0.995584
41 89 0.953124
41 90 1.21182
41 91 1.92846
41 92 1.45594
41 93 1.45551
41 94 1.10731
41 95 0.513523
41 96 1.39337
41 97 1.46643
41 98 1.71631
41 99 1.15321
42 43 1.52067
42 44 0.979472
42 45 0.882657
42 46 1.51217
42 47 1.2997
42 48 1.5737
42 49 0.697574
42 50 1.43589
42 51 0.192292
42 52 0.457121
42 53 0.604568
42 54 0.235104
42 55 0.952326
42 56 0.528274
42 57 0.446228
42 58 0.484732
42 59 1.45055
42 60 0.668104
42 61 1.86493
42 62 0.817506
42 63 0.794081
42 64 0.40137
42 65 0.833602
42 66 1.40233
42 67 1.49948
42 68 1.01614
42 69 1.20501
42 70 1.18185
42 71 1.52575
42 72 0.945298
42 73 0.912835
42 74 1.27598
42 75 0.362317
42 76 0.931857
42 77 1.083
42 78 1.90289
42 79 0.567187
42 80 1.37076
42 81 0.419079
42 82 1.57936
42 83 1.16588
42 84 1.74089
42 85 0.801922
42 86 0.309323
42 87 0.832691
42 88 0.94126
42 89 0.969128
42 90 1.17224
42 91 1.91413
42 92 1.44788
42 93 1.43315
42 94 1.07678
42 95 0.459138
42 96 1.38395
42 97 1.46024
42 98 1.66503
42 99 1.12129
43 44 0.551062
43 45 0.741196
43 46 0.133677
43 47 1.47417
43 48 1.04143
43 49 1.61586
43 50 0.945635
43 51 1.42076
43 52 1.44335
43 53 1.01495
43 54 1.75421
43 55 1.04359
43 56 1.04288
43 57 1.42461
43 58 1.09685
43 59 0.494003
43 60 0.861691
43 61 0.648957
43 62 1.12312
43 63 0.726589
43 64 1.17241
43 65 1.3167
43 66 0.63101
43 67 0.479182
43 68 0.735548
43 69 0.542425
43 70 1.64005
43 71 1.41811
43 72 0.871821
43 73 1.14355
43 74 0.522923
43 75 1.18861
43 76 0.697746
43 77 0.796549
43 78 0.459621
43 79 1.68203
43 80 1.63976
43 81 1.34736
43 82 0.777204
43 83 0.553897
43 84 0.345948
43 85 1.69608
43 86 1.69984
43 87 1.01729
43 88 1.07514
43 89 0.692984
43 90 0.736147
43 91 0.432131
43 92 0.0738455
43 93 0.332788
43 94 0.617654
43 95 1.83596
43 96 0.142162
43 97 0.0662166
43 98 1.13001
43 99 0.615686
44 45 0.392641
44 46 0.572735
44 47 1.13283
44 48 0.944789
44 49 1.09983
44 50 0.802098
44 51 0.87041
44 52 0.902734
44 53 0.471897
44 54 1.21044
44 55 0.625878
44 56 0.492261
44 57 0.958421
44 58 0.603901
44 59 0.55429
44 60 0.312969
44 61 0.944147
44 62 0.789016
44 63 0.200452
44 64 0.66652
44 65 0.846692
44 66 0.729471
44 67 0.59159
44 68 0.348243
44 69 0.346114
44 70 1.23013
44 71 1.17923
44 72 0.447775
44 73 0.706517
44 74 0.405621
44 75 0.671069
44 76 0.383398
44 77 0.626862
44 78 0.927685
44 79 1.14562
44 80 1.28886
44 81 0.802509
44 82 0.793226
44 83 0.312925
44 84 0.768385
44 85 1.19098
44 86 1.18668
44 87 0.548448
44 88 0.651718
44 89 0.418168
44 90 0.472647
44 91 0.935045
44 92 0.477225
44 93 0.480161
44 94 0.275994
44 95 1.28582
44 96 0.410116
44 97 0.496354
44 98 1.05128
44 99 0.321053
45 46 0.687172
45 47 1.45491
45 48 1.33588
45 49 1.24756
45 50 1.19164
45 51 0.850958
45 52 0.996628
45 53 0.625269
45 54 1.11394
45 55 0.938616
45 56 0.580457
45 57 0.690413
45 58 0.402833
45 59 0.92567
45 60 0.405078
45 61 1.2832
45 62 0.409157
45 63 0.285549
45 64 0.486843
45 65 1.08752
45 66 0.531588
45 67 0.955493
45 68 0.716035
45 69 0.73714
45 70 1.50275
45 71 1.54103
45 72 0.781
45 73 0.995024
45 74 0.792636
45 75 0.520694
45 76 0.0502517
45 77 0.278052
45 78 1.19007
45 79 1.23597
45 80 1.59916
45 81 0.887037
45 82 1.18196
45 83 0.705194
45 84 1.04879
45 85 1.35403
45 86 0.994289
45 87 0.828038
45 88 0.957296
45 89 0.0884819
45 90 0.859035
45 91 1.17224
45 92 0.679672
45 93 0.818262
45 94 0.664768
45 95 1.28946
45 96 0.634596
45 97 0.674993
45 98 1.44252
45 99 0.712089
46 47 1.57193
46 48 1.1656
46 49 1.66484
46 50 1.06389
46 51 1.4276
46 52 1.47544
46 53 1.0446
46 54 1.74714
46 55 1.12023
46 56 1.06086
46 57 1.37747
46 58 1.06635
46 59 0.618753
46 60 0.870491
46 61 0.778332
46 62 1.04636
46 63 0.724328
46 64 1.14573
46 65 1.38258
46 66 0.504392
46 67 0.607843
46 68 0.809497
46 69 0.635751
46 70 1.72478
46 71 1.53109
46 72 0.943093
46 73 1.21702
46 74 0.627091
46 75 1.16736
46 76 0.639972
46 77 0.70102
46 78 0.561395
46 79 1.71796
46 80 1.73697
46 81 1.37497
46 82 0.9062
46 83 0.640709
46 84 0.467786
46 85 1.75063
46 86 1.66987
46 87 1.08013
46 88 1.15097
46 89 0.626826
46 90 0.832236
46 91 0.518473
46 92 0.156402
46 93 0.455513
46 94 0.692522
46 95 1.8531
46 96 0.209799
46 97 0.116028
46 98 1.25652
46 99 0.699013
47 48 0.636181
47 49 0.707246
47 50 0.613181
47 51 1.10904
47 52 0.851571
47 53 0.886052
47 54 1.39927
47 55 0.51669
47 56 0.972279
47 57 1.63067
47 58 1.3606
47 59 1.02862
47 60 1.07132
47 61 1.28813
47 62 1.74319
47 63 1.16941
47 64 1.34851
47 65 0.468492
47 66 1.86063
47 67 1.0694
47 68 0.7928
47 69 0.936176
47 70 0.266689
47 71 0.283443
47 72 0.686228
47 73 0.468163
47 74 0.951551
47 75 1.30685
47 76 1.46952
47 77 1.72775
47 78 1.54651
47 79 0.888431
47 80 0.165651
47 81 0.882364
47 82 0.871591
47 83 0.933195
47 84 1.41391
47 85 0.673801
47 86 1.60863
47 87 0.63115
47 88 0.497772
47 89 1.51427
47 90 0.739779
47 91 1.61332
47 92 1.4201
47 93 1.16043
47 94 0.897658
47 95 1.18074
47 96 1.36214
47 97 1.45847
47 98 0.653118
47 99 0.879105
48 49 1.19488
48 50 0.148616
48 51 1.39014
48 52 1.21242
48 53 0.993782
48 54 1.74417
48 55 0.625513
48 56 1.08653
48 57 1.7666
48 58 1.42522
48 59 0.547485
48 60 1.06911
48 61 0.675305
48 62 1.71598
48 63 1.08392
48 64 1.45106
48 65 0.845457
48 66 1.5792
48 67 0.565993
48 68 0.64161
48 69 0.613898
48 70 0.893362
48 71 0.439227
48 72 0.648775
48 73 0.688591
48 74 0.579148
48 75 1.42728
48 76 1.32812
48 77 1.5643
48 78 0.973008
48 79 1.35328
48 80 0.776984
48 81 1.18488
48 82 0.28385
48 83 0.638647
48 84 0.869704
48 85 1.20793
48 86 1.86746
48 87 0.741049
48 88 0.641984
48 89 1.3614
48 90 0.480796
48 91 1.05078
48 92 1.0108
48 93 0.710152
48 94 0.671274
48 95 1.62448
48 96 0.97349
48 97 1.05124
48 98 0.106699
48 99 0.623943
49 50 1.09608
49 51 0.538317
49 52 0.273645
49 53 0.642153
49 54 0.728216
49 55 0.640532
49 56 0.667994
49 57 1.11616
49 58 0.97129
49 59 1.32907
49 60 0.857904
49 61 1.70617
49 62 1.38045
49 63 1.0102
49 64 0.919684
49 65 0.357883
49 66 1.76172
49 67 1.38084
49 68 0.900766
49 69 1.12213
49 70 0.516723
49 71 0.980084
49 72 0.768365
49 73 0.54261
49 74 1.17707
49 75 0.86822
49 76 1.2836
49 77 1.51571
49 78 1.86527
49 79 0.181946
49 80 0.726394
49 81 0.374469
49 82 1.3219
49 83 1.0946
49 84 1.70574
49 85 0.112557
49 86 0.98549
49 87 0.610916
49 88 0.610761
49 89 1.33101
49 90 0.982535
49 91 1.90706
49 92 1.54501
49 93 1.39173
49 94 1.01257
49 95 0.47412
49 96 1.47621
49 97 1.57328
49 98 1.25651
49 99 1.03155
50 51 1.25487
50 52 1.09013
50 53 0.849709
50 54 1.61259
50 55 0.496332
50 56 0.94166
50 57 1.61923
50 58 1.27687
50 59 0.457143
50 60 0.920553
50 61 0.675926
50 62 1.56872
50 63 0.936496
50 64 1.30348
50 65 0.740138
50 66 1.45511
50 67 0.48667
50 68 0.493148
50 69 0.480057
50 70 0.851592
50 71 0.479695
50 72 0.502998
50 73 0.570171
50 74 0.4542
50 75 1.28038
50 76 1.18541
50 77 1.42501
50 78 0.939735
50 79 1.24601
50 80 0.769256
50 81 1.0553
50 82 0.258921
50 83 0.501242
50 84 0.817607
50 85 1.12025
50 86 1.72648
50 87 0.6041
50 88 0.516382
50 89 1.21983
50 90 0.3339
50 91 1.01092
50 92 0.907612
50 93 0.613179
50 94 0.526997
50 95 1.50904
50 96 0.864098
50 97 0.948128
50 98 0.254135
50 99 0.481136
51 52 0.277517
51 53 0.446693
51 54 0.36576
51 55 0.766088
51 56 0.386672
51 57 0.577838
51 58 0.488741
51 59 1.30123
51 60 0.559337
51 61 1.71471
51 62 0.877249
51 63 0.703649
51 64 0.418166
51 65 0.642012
51 66 1.38215
51 67 1.35157
51 68 0.856403
51 69 1.05732
51 70 1.00071
51 71 1.33346
51 72 0.773334
51 73 0.722358
51 74 1.12711
51 75 0.36754
51 76 0.896882
51 77 1.08533
51 78 1.77716
51 79 0.44036
51 80 1.18448
51 81 0.227151
51 82 1.41003
51 83 1.01929
51 84 1.61362
51 85 0.648258
51 86 0.501371
51 87 0.650796
51 88 0.753448
51 89 0.93944
51 90 1.00549
51 91 1.79533
51 92 1.34703
51 93 1.2993
51 94 0.92864
51 95 0.438969
51 96 1.28043
51 97 1.36383
51 98 1.47947
51 99 0.969786
52 53 0.430845
52 54 0.553356
52 55 0.595188
52 56 0.429278
52 57 0.851085
52 58 0.699433
52 59 1.22844
52 60 0.626514
52 61 1.62996
52 62 1.1076
52 63 0.782109
52 64 0.646175
52 65 0.397252
52 66 1.5207
52 67 1.28057
52 68 0.777914
52 69 0.998057
52 70 0.725136
52 71 1.09407
52 72 0.663174
52 73 0.523939
52 74 1.06182
52 75 0.594652
52 76 1.03597
52 77 1.25795
52 78 1.74379
52 79 0.245304
52 80 0.914435
52 81 0.109602
52 82 1.28129
52 83 0.964609
52 84 1.5805
52 85 0.386187
52 86 0.762126
52 87 0.511801
52 88 0.573765
52 89 1.08253
52 90 0.89777
52 91 1.77502
52 92 1.37027
52 93 1.2613
52 94 0.875516
52 95 0.428304
52 96 1.30132
52 97 1.39414
52 98 1.2916
52 99 0.905837
53 54 0.811153
53 55 0.409004
53 56 0.0949714
53 57 0.785274
53 58 0.477732
53 59 0.854546
53 60 0.221546
53 61 1.26807
53 62 0.85908
53 63 0.369028
53 64 0.478297
53 65 0.468973
53 66 1.12311
53 67 0.904961
53 68 0.412063
53 69 0.610968
53 70 0.88942
53 71 1.04028
53 72 0.348002
53 73 0.420581
53 74 0.680512
53 75 0.445111
53 76 0.655198
53 77 0.902027
53 78 1.33976
53 79 0.674082
53 80 1.01152
53 81 0.332408
53 82 0.975816
53 83 0.573276
53 84 1.17579
53 85 0.741968
53 86 0.880487
53 87 0.275925
53 88 0.412242
53 89 0.703031
53 90 0.568266
53 91 1.36352
53 92 0.941519
53 93 0.858454
53 94 0.482429
53 95 0.826147
53 96 0.872788
53 97 0.964341
53 98 1.09192
53 99 0.523094
54 55 1.11869
54 56 0.744483
54 57 0.593819
54 58 0.712783
54 59 1.66496
54 60 0.897861
54 61 2.07894
54 62 1.01081
54 63 1.02782
54 64 0.628603
54 65 0.950587
54 66 1.6282
54 67 1.71491
54 68 1.22193
54 69 1.42028
54 70 1.24197
54 71 1.64724
54 72 1.13807
54 73 1.06335
54 74 1.49053
54 75 0.593425
54 76 1.16352
54 77 1.30272
54 78 2.13016
54 79 0.56058
54 80 1.44582
54 81 0.559811
54 82 1.7748
54 83 1.38181
54 84 1.96743
54 85 0.814741
54 86 0.304263
54 87 1.01024
54 88 1.10282
54 89 1.19953
54 90 1.37103
54 91 2.14376
54 92 1.68121
54 93 1.65651
54 94 1.29156
54 95 0.338855
54 96 1.61676
54 97 1.69421
54 98 1.82973
54 99 1.3338
55 56 0.503391
55 57 1.1926
55 58 0.882851
55 59 0.693701
55 60 0.56372
55 61 1.0659
55 62 1.24311
55 63 0.653067
55 64 0.887287
55 65 0.291626
55 66 1.35518
55 67 0.744757
55 68 0.310752
55 69 0.51047
55 70 0.609629
55 71 0.633583
55 72 0.181126
55 73 0.103684
55 74 0.55427
55 75 0.853518
55 76 0.952833
55 77 1.21106
55 78 1.23481
55 79 0.768933
55 80 0.66618
55 81 0.559786
55 82 0.691839
55 83 0.491768
55 84 1.07912
55 85 0.692388
55 86 1.25191
55 87 0.133083
55 88 0.0322149
55 89 0.997649
55 90 0.346235
55 91 1.28285
55 92 0.979475
55 93 0.775121
55 94 0.427955
55 95 1.01844
55 96 0.914465
55 97 1.01399
55 98 0.713382
55 99 0.428664
56 57 0.69031
56 58 0.388409
56 59 0.922622
56 60 0.197534
56 61 1.33702
56 62 0.779638
56 63 0.353155
56 64 0.384397
56 65 0.540225
56 66 1.0954
56 67 0.971902
56 68 0.490897
56 69 0.677229
56 70 0.960733
56 71 1.13341
56 72 0.438862
56 73 0.510216
56 74 0.748013
56 75 0.35028
56 76 0.615642
56 77 0.852405
56 78 1.39049
56 79 0.674314
56 80 1.09274
56 81 0.321902
56 82 1.05948
56 83 0.638333
56 84 1.22696
56 85 0.773655
56 86 0.793777
56 87 0.370333
56 88 0.505652
56 89 0.663118
56 90 0.652154
56 91 1.40921
56 92 0.969041
56 93 0.913213
56 94 0.548767
56 95 0.793609
56 96 0.901314
56 97 0.988595
56 98 1.18538
56 99 0.593016
57 58 0.35775
57 59 1.50378
57 60 0.710189
57 61 1.90234
57 62 0.442244
57 63 0.759643
57 64 0.316096
57 65 1.1673
57 66 1.12957
57 67 1.54522
57 68 1.13836
57 69 1.26993
57 70 1.56049
57 71 1.81709
57 72 1.11903
57 73 1.1881
57 74 1.33914
57 75 0.340857
57 76 0.738413
57 77 0.788883
57 78 1.86045
57 79 1.00564
57 80 1.72865
57 81 0.775628
57 82 1.70101
57 83 1.23062
57 84 1.70961
57 85 1.22583
57 86 0.351065
57 87 1.05986
57 88 1.19265
57 89 0.757794
57 90 1.30625
57 91 1.85111
57 92 1.35892
57 93 1.43805
57 94 1.15487
57 95 0.895927
57 96 1.30648
57 97 1.35886
57 98 1.86823
57 99 1.20586
58 59 1.14616
58 60 0.358017
58 61 1.54641
58 62 0.410521
58 63 0.403854
58 64 0.0842348
58 65 0.920035
58 66 0.91761
58 67 1.18794
58 68 0.788981
58 69 0.912403
58 70 1.33656
58 71 1.51621
58 72 0.784388
58 73 0.897894
58 74 0.981465
58 75 0.125138
58 76 0.452883
58 77 0.602778
58 78 1.51854
58 79 0.915216
58 80 1.47851
58 81 0.597247
58 82 1.34611
58 83 0.87319
58 84 1.36402
58 85 1.08354
58 86 0.603989
58 87 0.750672
58 88 0.88864
58 89 0.487158
58 90 0.956459
58 91 1.51514
58 92 1.02773
58 93 1.08406
58 94 0.79869
58 95 0.915055
58 96 0.970587
58 97 1.03248
58 98 1.5288
58 99 0.849901
59 60 0.808353
59 61 0.414398
59 62 1.33327
59 63 0.746229
59 64 1.1993
59 65 0.98532
59 66 1.05709
59 67 0.0522354
59 68 0.452113
59 69 0.245579
59 70 1.2302
59 71 0.935642
59 72 0.568274
59 73 0.796612
59 74 0.174609
59 75 1.1941
59 76 0.902603
59 77 1.10276
59 78 0.54254
59 79 1.43904
59 80 1.1928
59 81 1.15649
59 82 0.293802
59 83 0.284961
59 84 0.392708
59 85 1.38597
59 86 1.69836
59 87 0.725729
59 88 0.725265
59 89 0.924009
59 90 0.347577
59 91 0.59673
59 92 0.465163
59 93 0.16353
59 94 0.373856
59 95 1.654
59 96 0.434079
59 97 0.505335
59 98 0.637904
59 99 0.331483
60 61 1.21821
60 62 0.680316
60 63 0.155637
60 64 0.396557
60 65 0.683163
60 66 0.904029
60 67 0.853729
60 68 0.431005
60 69 0.566909
60 70 1.10052
60 71 1.19161
60 72 0.437476
60 73 0.604241
60 74 0.637698
60 75 0.386493
60 76 0.433764
60 77 0.682756
60 78 1.23513
60 79 0.871693
60 80 1.20775
60 81 0.519433
60 82 0.990919
60 83 0.527078
60 84 1.07365
60 85 0.960432
60 86 0.892118
60 87 0.440387
60 88 0.576834
60 89 0.481588
60 90 0.598443
60 91 1.24622
60 92 0.788038
60 93 0.770518
60 94 0.446713
60 95 0.98299
60 96 0.721929
60 97 0.804492
60 98 1.17344
60 99 0.497119
61 62 1.69116
61 63 1.14283
61 64 1.60412
61 65 1.35196
61 66 1.27995
61 67 0.365808
61 68 0.861192
61 69 0.659914
61 70 1.52607
61 71 1.11452
61 72 0.966823
61 73 1.16406
61 74 0.589004
61 75 1.60195
61 76 1.25167
61 77 1.41181
61 78 0.336908
61 79 1.82995
61 80 1.44065
61 81 1.56357
61 82 0.417006
61 83 0.699127
61 84 0.320137
61 85 1.75102
61 86 2.10996
61 87 1.1201
61 88 1.09541
61 89 1.26343
61 90 0.733069
61 91 0.423997
61 92 0.669065
61 93 0.467836
61 94 0.788249
61 95 2.05768
61 96 0.681077
61 97 0.697934
61 98 0.714256
61 99 0.745135
62 63 0.63226
62 64 0.463148
62 65 1.31947
62 66 0.710745
62 67 1.36415
62 68 1.07846
62 69 1.13483
62 70 1.73914
62 71 1.87178
62 72 1.11325
62 73 1.27526
62 74 1.19423
62 75 0.514972
62 76 0.439722
62 77 0.375127
62 78 1.5806
62 79 1.31458
62 80 1.87051
62 81 1.00711
62 82 1.58222
62 83 1.1004
62 84 1.44677
62 85 1.49289
62 86 0.79313
62 87 1.11648
62 88 1.25455
62 89 0.433113
62 90 1.23519
62 91 1.55444
62 92 1.06866
62 93 1.22723
62 94 1.04865
62 95 1.27482
62 96 1.03116
62 97 1.05761
62 98 1.82246
62 99 1.09861
63 64 0.466263
63 65 0.813612
63 66 0.754524
63 67 0.786318
63 68 0.447041
63 69 0.520894
63 70 1.22372
63 71 1.26026
63 72 0.497987
63 73 0.711022
63 74 0.587085
63 75 0.472471
63 76 0.302545
63 77 0.559982
63 78 1.12433
63 79 1.02731
63 80 1.31442
63 81 0.675057
63 82 0.965388
63 83 0.483245
63 84 0.966563
63 85 1.11096
63 86 0.98844
63 87 0.543949
63 88 0.67188
63 89 0.349056
63 90 0.603161
63 91 1.12766
63 92 0.653883
63 93 0.680381
63 94 0.420749
63 95 1.13346
63 96 0.590607
63 97 0.666401
63 98 1.19033
63 99 0.471797
64 65 0.897334
64 66 1.00111
64 67 1.24272
64 68 0.822587
64 69 0.961207
64 70 1.3083
64 71 1.51774
64 72 0.804402
64 73 0.892566
64 74 1.03136
64 75 0.0518256
64 76 0.536824
64 77 0.683382
64 78 1.58804
64 79 0.852101
64 80 1.45939
64 81 0.548872
64 82 1.38709
64 83 0.921558
64 84 1.43178
64 85 1.03224
64 86 0.527531
64 87 0.754216
64 88 0.890047
64 89 0.571379
64 90 0.990446
64 91 1.5872
64 92 1.10243
64 93 1.14544
64 94 0.843032
64 95 0.83714
64 96 1.04383
64 97 1.1086
64 98 1.55311
64 99 0.893605
65 66 1.55923
65 67 1.03632
65 68 0.58252
65 69 0.795477
65 70 0.420923
65 71 0.697445
65 72 0.44582
65 73 0.189147
65 74 0.84341
65 75 0.852496
65 76 1.11292
65 77 1.36552
65 78 1.5263
65 79 0.507867
65 80 0.562907
65 81 0.414893
65 82 0.96411
65 83 0.77299
65 84 1.37003
65 85 0.40106
65 86 1.14291
65 87 0.302872
65 88 0.260116
65 89 1.16037
65 90 0.637854
65 91 1.57347
65 92 1.24945
65 93 1.06311
65 94 0.699782
65 95 0.782986
65 96 1.18235
65 97 1.28164
65 98 0.914508
65 99 0.709151
66 67 1.06139
66 68 1.06925
66 69 0.978439
66 70 1.95609
66 71 1.88432
66 72 1.17712
66 73 1.43296
66 74 1.00158
66 75 1.0411
66 76 0.487537
66 77 0.34092
66 78 1.05698
66 79 1.76282
66 80 2.01794
66 81 1.41131
66 82 1.35052
66 83 0.964353
66 84 0.972174
66 85 1.86437
66 86 1.46866
66 87 1.27057
66 88 1.38053
66 89 0.44321
66 90 1.1595
66 91 1.00259
66 92 0.618159
66 93 0.899976
66 94 0.973276
66 95 1.82017
66 96 0.628061
66 97 0.584822
66 98 1.67944
66 99 1.00349
67 68 0.503953
67 69 0.294717
67 70 1.2754
67 71 0.966354
67 72 0.620506
67 73 0.847467
67 74 0.224462
67 75 1.23871
67 76 0.930356
67 77 1.1228
67 78 0.493188
67 79 1.49126
67 80 1.23286
67 81 1.20829
67 82 0.298362
67 83 0.333617
67 84 0.346734
67 85 1.43712
67 86 1.74482
67 87 0.777928
67 88 0.776217
67 89 0.949666
67 90 0.39888
67 91 0.549877
67 92 0.45782
67 93 0.161439
67 94 0.423381
67 95 1.706
67 96 0.434116
67 97 0.497175
67 98 0.651403
67 99 0.382176
68 69 0.222684
68 70 0.918034
68 71 0.831904
68 72 0.136702
68 73 0.40848
68 74 0.283981
68 75 0.805081
68 76 0.717593
68 77 0.96983
68 78 0.97005
68 79 0.995458
68 80 0.952834
68 81 0.704379
68 82 0.570449
68 83 0.193842
68 84 0.808251
68 85 0.971035
68 86 1.28341
68 87 0.290102
68 88 0.341505
68 89 0.757244
68 90 0.167885
68 91 1.00761
68 92 0.669985
68 93 0.49154
68 94 0.117942
68 95 1.20223
68 96 0.604299
68 97 0.703867
68 98 0.74721
68 99 0.130981
69 70 1.09806
69 71 0.912653
69 72 0.354107
69 73 0.613254
69 74 0.0713489
69 75 0.953392
69 76 0.723377
69 77 0.951915
69 78 0.747518
69 79 1.21798
69 80 1.10127
69 81 0.92039
69 82 0.447603
69 83 0.0398825
69 84 0.585568
69 85 1.18951
69 86 1.45425
69 87 0.511253
69 88 0.542611
69 89 0.753237
69 90 0.196584
69 91 0.785246
69 92 0.484726
69 93 0.26962
69 94 0.128727
69 95 1.41988
69 96 0.42598
69 97 0.522585
69 98 0.718805
69 99 0.092321
70 71 0.543631
70 72 0.790683
70 73 0.523644
70 74 1.12709
70 75 1.2613
70 76 1.52555
70 77 1.78067
70 78 1.76382
70 79 0.695781
70 80 0.215301
70 81 0.78568
70 82 1.1097
70 83 1.08673
70 84 1.6221
70 85 0.453601
70 86 1.48356
70 87 0.685941
70 88 0.581068
70 89 1.57253
70 90 0.908777
70 91 1.82503
70 92 1.57955
70 93 1.34548
70 94 1.03318
70 95 0.983509
70 96 1.51671
70 97 1.61568
70 98 0.917534
70 99 1.02642
71 72 0.762789
71 73 0.629351
71 74 0.906407
71 75 1.48151
71 76 1.54675
71 77 1.8011
71 78 1.40706
71 79 1.15912
71 80 0.371079
71 81 1.1073
71 82 0.714276
71 83 0.921819
71 84 1.2937
71 85 0.954414
71 86 1.83453
71 87 0.765549
71 88 0.628045
71 89 1.58778
71 90 0.724965
71 91 1.48222
71 92 1.3749
71 93 1.08784
71 94 0.91357
71 95 1.45019
71 96 1.32581
71 97 1.4151
71 98 0.419077
71 99 0.880902
72 73 0.273973
72 74 0.409278
72 75 0.778974
72 76 0.790416
72 77 1.04772
72 78 1.0979
72 79 0.870942
72 80 0.841121
72 81 0.599819
72 82 0.636757
72 83 0.32859
72 84 0.937597
72 85 0.83584
72 86 1.22796
72 87 0.15835
72 88 0.209957
72 89 0.833584
72 90 0.236352
72 91 1.1387
72 92 0.805658
72 93 0.62369
72 94 0.254245
72 95 1.0909
72 96 0.739425
72 97 0.838972
72 98 0.749344
72 99 0.264853
73 74 0.657889
73 75 0.85437
73 76 1.01342
73 77 1.27098
73 78 1.33812
73 79 0.67927
73 80 0.60463
73 81 0.504489
73 82 0.781708
73 83 0.593479
73 84 1.18271
73 85 0.590204
73 86 1.21815
73 87 0.167076
73 88 0.0716009
73 89 1.05947
73 90 0.44941
73 91 1.38649
73 92 1.07845
73 93 0.878626
73 94 0.526368
73 95 0.938938
73 96 1.01272
73 97 1.11229
73 98 0.768421
73 99 0.530027
74 75 1.02412
74 76 0.775926
74 77 0.99672
74 78 0.688623
74 79 1.27827
74 80 1.11719
74 81 0.98649
74 82 0.389361
74 83 0.111141
74 84 0.528722
74 85 1.24076
74 86 1.52557
74 87 0.567579
74 88 0.586465
74 89 0.803298
74 90 0.218381
74 91 0.730916
74 92 0.472102
74 93 0.22141
74 94 0.199247
74 95 1.48535
74 96 0.419776
74 97 0.511629
74 98 0.681722
74 99 0.158143
75 76 0.570146
75 77 0.727915
75 78 1.59676
75 79 0.800436
75 80 1.41513
75 81 0.498057
75 82 1.37279
75 83 0.913567
75 84 1.43891
75 85 0.980777
75 86 0.51597
75 87 0.720519
75 88 0.85485
75 89 0.606865
75 90 0.972531
75 91 1.59871
75 92 1.11768
75 93 1.14712
75 94 0.832503
75 95 0.790185
75 96 1.05746
75 97 1.12561
75 98 1.52832
75 99 0.882421
76 77 0.258231
76 78 1.14937
76 79 1.27667
76 80 1.61623
76 81 0.926384
76 82 1.16503
76 83 0.693127
76 84 1.01051
76 85 1.38905
76 86 1.04431
76 87 0.846368
76 88 0.972807
76 89 0.0478347
76 90 0.854665
76 91 1.12949
76 92 0.637844
76 93 0.789158
76 94 0.658725
76 95 1.33568
76 96 0.59525
76 97 0.631538
76 98 1.43457
76 99 0.704446
77 78 1.25521
77 79 1.49205
77 80 1.87425
77 81 1.14892
77 82 1.38067
77 83 0.925669
77 84 1.13685
77 85 1.62386
77 86 1.13002
77 87 1.10391
77 88 1.23099
77 89 0.214137
77 90 1.099
77 91 1.21868
77 92 0.753757
77 93 0.9694
77 94 0.90217
77 95 1.51723
77 96 0.731383
77 97 0.734383
77 98 1.66997
77 99 0.944909
78 79 1.96548
78 80 1.70666
78 81 1.66181
78 82 0.692789
78 83 0.779495
78 84 0.16398
78 85 1.92616
78 86 2.11271
78 87 1.25619
78 88 1.26661
78 89 1.14852
78 90 0.888724
78 91 0.0874041
78 92 0.512196
78 93 0.482867
78 94 0.868285
78 95 2.16162
78 96 0.556167
78 97 0.523948
78 98 1.02808
78 99 0.83975
79 80 0.907159
79 81 0.352852
79 82 1.45995
79 83 1.18681
79 84 1.80335
79 85 0.254429
79 86 0.834641
79 87 0.713354
79 88 0.741947
79 89 1.32274
79 90 1.09818
79 91 2.00104
79 92 1.60938
79 93 1.48522
79 94 1.09998
79 95 0.29237
79 96 1.54033
79 97 1.63438
79 98 1.4204
79 99 1.1258
80 81 0.962178
80 82 1.02583
80 83 1.09763
80 84 1.5764
80 85 0.668438
80 86 1.67651
80 87 0.771274
80 88 0.644054
80 89 1.66175
80 90 0.905012
80 91 1.77479
80 92 1.58544
80 93 1.32586
80 94 1.05984
80 95 1.19667
80 96 1.52717
80 97 1.62371
80 98 0.779281
80 99 1.04277
81 82 1.23057
81 83 0.885288
81 84 1.49801
81 85 0.486455
81 86 0.728371
81 87 0.458345
81 88 0.543138
81 89 0.972931
81 90 0.836171
81 91 1.68964
81 92 1.27392
81 93 1.17897
81 94 0.794949
81 95 0.499928
81 96 1.2052
81 97 1.29651
81 98 1.26992
81 99 0.828874
82 83 0.483259
82 84 0.585857
82 85 1.35646
82 86 1.85309
82 87 0.77265
82 88 0.718057
82 89 1.1915
82 90 0.407622
82 91 0.768702
82 92 0.755446
82 93 0.455196
82 94 0.548256
82 95 1.708
82 96 0.727561
82 97 0.795082
82 98 0.357329
82 99 0.496802
83 84 0.616724
83 85 1.16432
83 86 1.41443
83 87 0.483912
83 88 0.523687
83 89 0.724348
83 90 0.198333
83 91 0.814637
83 92 0.49292
83 93 0.29851
83 94 0.0909763
83 95 1.38506
83 96 0.431275
83 97 0.529546
83 98 0.744335
83 99 0.0638491
84 85 1.76881
84 86 1.9548
84 87 1.09568
84 88 1.11111
84 89 1.01366
84 90 0.7341
84 91 0.204349
84 92 0.383264
84 93 0.319242
84 94 0.705017
84 95 1.99777
84 96 0.41565
84 97 0.403781
84 98 0.936905
84 99 0.677597
85 86 1.08305
85 87 0.681672
85 88 0.661079
85 89 1.43662
85 90 1.0384
85 91 1.97164
85 92 1.62632
85 93 1.45869
85 94 1.0857
85 95 0.532346
85 96 1.55792
85 97 1.65596
85 98 1.26136
85 99 1.10066
86 87 1.12788
86 88 1.24289
86 89 1.07144
86 90 1.44592
86 91 2.11389
86 92 1.62996
86 93 1.66048
86 94 1.32897
86 95 0.64206
86 96 1.57119
86 97 1.63585
86 98 1.96157
86 99 1.37675
87 88 0.138645
87 89 0.892476
87 90 0.387044
87 91 1.29638
87 92 0.948944
87 93 0.780824
87 94 0.404028
87 95 0.940085
87 96 0.88133
87 97 0.980359
87 98 0.833732
87 99 0.420688
88 89 1.01804
88 90 0.37793
88 91 1.31489
88 92 1.01077
88 93 0.807334
88 94 0.458991
88 95 0.99486
88 96 0.945572
88 97 1.04512
88 98 0.727229
88 99 0.460491
89 90 0.890701
89 91 1.12509
89 92 0.636332
89 93 0.804626
89 94 0.694155
89 95 1.37791
89 96 0.59808
89 97 0.627026
89 98 1.46763
89 99 0.738716
90 91 0.938234
90 92 0.680473
90 93 0.438421
90 94 0.19683
90 95 1.32595
90 96 0.622506
90 97 0.718704
90 98 0.587291
90 99 0.157194
91 92 0.493066
91 93 0.516161
91 94 0.90112
91 95 2.1885
91 96 0.545136
91 97 0.498209
91 98 1.10903
91 99 0.876644
92 93 0.301634
92 94 0.55208
92 95 1.76216
92 96 0.0690665
92 97 0.0405421
92 98 1.10298
92 99 0.553358
93 94 0.385923
93 95 1.67882
93 96 0.273152
93 97 0.341811
93 98 0.801405
93 99 0.360559
94 95 1.29483
94 96 0.486587
94 97 0.586138
94 98 0.777957
94 99 0.0514898
95 96 1.69412
95 97 1.78218
95 98 1.69703
95 99 1.32812
96 97 0.0995704
96 98 1.06857
96 99 0.490354
97 98 1.14321
97 99 0.589261
98 99 0.730527