10
0 1 1.13311
0 2 0.632948
0 3 1.68364
0 4 1.47212
0 5 1.24309
0 6 0.508377
0 7 0.854933
0 8 2.09508
0 9 1.09905
1 2 0.712771
1 3 1.45485
1 4 0.360144
1 5 0.490184
1 6 0.649277
1 7 0.288499
1 8 1.02673
1 9 1.07356
2 3 1.83191
2 4 1.07063
2 5 0.636257
2 6 0.480341
2 7 0.44549
2 8 1.73915
2 9 1.2907
3 4 1.41972
3 5 1.94071
3 6 1.37188
3 7 1.49995
3 8 1.49449
3 9 0.584963
4 5 0.70673
4 6 0.971243
4 7 0.646534
4 8 0.669201
4 9 1.17739
5 6 0.888261
5 7 0.513488
5 8 1.3239
5 9 1.52025
6 7 0.402317
6 8 1.58671
6 9 0.814716
7 8 1.30767
7 9 1.02682
8 9 1.51324