100
0 1 0.268239
0 2 1.02977
0 3 1.62411
0 4 0.55133
0 5 0.311054
0 6 0.60113
0 7 1.6403
0 8 1.37466
0 9 0.993258
0 10 0.679727
0 11 0.987623
0 12 1.79165
0 13 1.79225
0 14 0.70398
0 15 1.43515
0 16 1.01379
0 17 1.48692
0 18 1.22703
0 19 1.4437
0 20 1.30916
0 21 0.261594
0 22 1.46372
0 23 0.930102
0 24 2.00875
0 25 1.81996
0 26 0.329296
0 27 0.705683
0 28 1.74791
0 29 1.523
0 30 1.14535
0 31 2.01988
0 32 0.601217
0 33 1.2183
0 34 1.55392
0 35 1.96319
0 36 0.887498
0 37 1.53906
0 38 1.1051
0 39 0.283441
0 40 1.40896
0 41 0.496632
0 42 1.8124
0 43 1.15224
0 44 0.729068
0 45 0.214914
0 46 0.656037
0 47 1.38528
0 48 1.82268
0 49 1.35327
0 50 0.288131
0 51 0.639205
0 52 0.49557
0 53 1.07127
0 54 0.91588
0 55 1.1316
0 56 1.91524
0 57 0.648718
0 58 1.27677
0 59 0.306153
0 60 0.38375
0 61 0.644457
0 62 1.25916
0 63 0.916888
0 64 1.72986
0 65 1.09164
0 66 1.01337
0 67 1.31321
0 68 1.4748
0 69 1.14697
0 70 0.407766
0 71 1.21853
0 72 1.36249
0 73 1.0598
0 74 1.7807
0 75 1.8907
0 76 0.704507
0 77 0.464831
0 78 1.63735
0 79 0.666157
0 80 0.709287
0 81 1.33371
0 82 1.61143
0 83 0.28767
0 84 0.68709
0 85 0.345878
0 86 1.85248
0 87 1.06117
0 88 1.82543
0 89 0.921169
0 90 1.31245
0 91 1.47064
0 92 1.56109
0 93 1.08986
0 94 2.18966
0 95 0.940796
0 96 0.98116
0 97 1.5653
0 98 1.44603
0 99 1.54936
1 2 0.799173
1 3 1.45994
1 4 0.289132
1 5 0.417435
1 6 0.764123
1 7 1.37727
1 8 1.10906
1 9 0.791387
1 10 0.596941
1 11 0.89151
1 12 1.53189
1 13 1.57733
1 14 0.736601
1 15 1.23648
1 16 0.826398
1 17 1.21877
1 18 1.01665
1 19 1.25336
1 20 1.04454
1 21 0.0667673
1 22 1.23221
1 23 0.684733
1 24 1.74243
1 25 1.55486
1 26 0.17228
1 27 0.459271
1 28 1.55699
1 29 1.26052
1 30 0.93261
1 31 1.75416
1 32 0.461124
1 33 0.951006
1 34 1.30353
1 35 1.70654
1 36 0.7645
1 37 1.27139
1 38 0.837313
1 39 0.051164
1 40 1.16579
1 41 0.333187
1 42 1.56836
1 43 1.04236
1 44 0.530891
1 45 0.268429
1 46 0.586454
1 47 1.14412
1 48 1.55522
1 49 1.11165
1 50 0.491424
1 51 0.773944
1 52 0.42091
1 53 0.912496
1 54 0.666529
1 55 0.863361
1 56 1.65609
1 57 0.400952
1 58 1.15148
1 59 0.346574
1 60 0.230526
1 61 0.530817
1 62 1.12084
1 63 0.662185
1 64 1.46191
1 65 0.898939
1 66 0.758219
1 67 1.16139
1 68 1.21892
1 69 0.98332
1 70 0.279452
1 71 1.10476
1 72 1.17934
1 73 0.908897
1 74 1.52231
1 75 1.62502
1 76 0.692621
1 77 0.678007
1 78 1.41553
1 79 0.460829
1 80 0.472926
1 81 1.14458
1 82 1.3733
1 83 0.163219
1 84 0.428427
1 85 0.185937
1 86 1.66954
1 87 0.801277
1 88 1.55957
1 89 0.810241
1 90 1.0916
1 91 1.25486
1 92 1.32693
1 93 0.887771
1 94 1.9216
1 95 0.672826
1 96 0.764461
1 97 1.2971
1 98 1.179
1 99 1.28855
2 3 0.76905
2 4 0.532766
2 5 0.942798
2 6 1.20293
2 7 1.02635
2 8 0.529604
2 9 1.04932
2 10 0.60362
2 11 0.605746
2 12 1.20152
2 13 0.7826
2 14 0.906175
2 15 0.47639
2 16 0.237355
2 17 0.709779
2 18 0.247277
2 19 0.512647
2 20 0.753365
2 21 0.850111
2 22 1.20038
2 23 0.785262
2 24 1.27603
2 25 1.13728
2 26 0.702156
2 27 0.730583
2 28 0.796743
2 29 0.943525
2 30 0.169696
2 31 1.10226
2 32 1.03419
2 33 0.625991
2 34 0.549626
2 35 0.971957
2 36 0.484457
2 37 0.719443
2 38 0.445505
2 39 0.820674
2 40 1.07245
2 41 0.554225
2 42 0.788309
2 43 0.629066
2 44 0.324168
2 45 0.875457
2 46 0.637103
2 47 0.361878
2 48 1.07464
2 49 1.0457
2 50 1.10436
2 51 1.14933
2 52 1.10154
2 53 0.385355
2 54 0.181889
2 55 0.512439
2 56 0.938983
2 57 0.403083
2 58 0.643304
2 59 1.1268
2 60 0.920622
2 61 0.540102
2 62 0.577328
2 63 0.707107
2 64 0.896444
2 65 1.15039
2 66 0.200076
2 67 1.47867
2 68 0.997757
2 69 1.30649
2 70 0.966484
2 71 1.53538
2 72 1.38789
2 73 0.415223
2 74 0.80495
2 75 0.980161
2 76 0.78735
2 77 1.24653
2 78 0.617287
2 79 0.371442
2 80 0.780769
2 81 0.420636
2 82 0.582697
2 83 0.923138
2 84 0.654425
2 85 0.900973
2 86 0.920819
2 87 0.261276
2 88 1.12496
2 89 0.532455
2 90 0.296672
2 91 0.462749
2 92 0.531319
2 93 0.186679
2 94 1.32566
2 95 0.498137
2 96 0.973806
2 97 0.806918
2 98 0.783918
2 99 0.989918
3 4 1.25012
3 5 1.41472
3 6 1.52073
3 7 1.60167
3 8 1.08064
3 9 1.81628
3 10 0.971397
3 11 0.699133
3 12 1.75875
3 13 0.457124
3 14 1.15166
3 15 0.325061
3 16 0.638892
3 17 1.24935
3 18 0.527785
3 19 0.269662
3 20 1.42287
3 21 1.52253
3 22 1.90496
3 23 1.55018
3 24 1.70676
3 25 1.63968
3 26 1.31267
3 27 1.49573
3 28 0.239492
3 29 1.55736
3 30 0.599392
3 31 1.33141
3 32 1.78239
3 33 1.31217
3 34 0.805291
3 35 1.06065
3 36 0.748269
3 37 1.21405
3 38 1.159
3 39 1.49605
3 40 1.76936
3 41 1.13745
3 42 0.786427
3 43 0.541618
3 44 0.932128
3 45 1.4213
3 46 1.00408
3 47 0.691742
3 48 1.53362
3 49 1.75485
3 50 1.57745
3 51 1.43697
3 52 1.82805
3 53 0.5531
3 54 0.950519
3 55 1.22072
3 56 1.08654
3 57 1.1189
3 58 0.404699
3 59 1.80638
3 60 1.63361
3 61 0.983896
3 62 0.386925
3 63 1.47174
3 64 1.31326
3 65 1.91462
3 66 0.950073
3 67 2.24215
3 68 1.65248
3 69 2.07302
3 70 1.6839
3 71 2.30438
3 72 2.13955
3 73 0.564891
3 74 1.00788
3 75 1.2583
3 76 1.05552
3 77 1.65061
3 78 0.480566
3 79 1.0034
3 80 1.54601
3 81 0.348419
3 82 0.653353
3 83 1.61118
3 84 1.41758
3 85 1.60445
3 86 0.266389
3 87 0.987641
3 88 1.61526
3 89 0.730327
3 90 0.538831
3 91 0.436756
3 92 0.603319
3 93 0.60428
3 94 1.5908
3 95 1.25802
3 96 1.7396
3 97 1.33017
3 98 1.38722
3 99 1.60527
4 5 0.599771
4 6 0.939059
4 7 1.13384
4 8 0.823668
4 9 0.714277
4 10 0.552588
4 11 0.787645
4 12 1.29752
4 13 1.31529
4 14 0.794212
4 15 0.994564
4 16 0.612869
4 17 0.942958
4 18 0.767066
4 19 1.01997
4 20 0.799174
4 21 0.327454
4 22 1.07066
4 23 0.521624
4 24 1.48365
4 25 1.30222
4 26 0.278172
4 27 0.332159
4 28 1.31787
4 29 1.02036
4 30 0.682755
4 31 1.46879
4 32 0.539098
4 33 0.692351
4 34 1.01652
4 35 1.41749
4 36 0.641055
4 37 0.991528
4 38 0.559481
4 39 0.297783
4 40 0.980791
4 41 0.276773
4 42 1.28417
4 43 0.910292
4 44 0.335258
4 45 0.472673
4 46 0.560437
4 47 0.863216
4 48 1.29086
4 49 0.932089
4 50 0.722919
4 51 0.923219
4 52 0.578919
4 53 0.729693
4 54 0.383156
4 55 0.593378
4 56 1.36699
4 57 0.132894
4 58 0.995285
4 59 0.59546
4 60 0.389871
4 61 0.463369
4 62 0.950925
4 63 0.471718
4 64 1.18344
4 65 0.828025
4 66 0.470209
4 67 1.13562
4 68 1.00014
4 69 0.951796
4 70 0.437784
4 71 1.13197
4 72 1.10623
4 73 0.736198
4 74 1.23318
4 75 1.33962
4 76 0.710825
4 77 0.901157
4 78 1.14865
4 79 0.268911
4 80 0.372872
4 81 0.915208
4 82 1.09348
4 83 0.391864
4 84 0.260519
4 85 0.36829
4 86 1.43694
4 87 0.512154
4 88 1.30369
4 89 0.696645
4 90 0.829375
4 91 0.995238
4 92 1.05033
4 93 0.652278
4 94 1.64348
4 95 0.412955
4 96 0.661454
4 97 1.02584
4 98 0.919671
4 99 1.05371
5 6 0.348984
5 7 1.73317
5 8 1.38104
5 9 1.20879
5 10 0.443326
5 11 0.736254
5 12 1.89729
5 13 1.64766
5 14 0.395666
5 15 1.27452
5 16 0.857691
5 17 1.52222
5 18 1.09258
5 19 1.27111
5 20 1.39872
5 21 0.459232
5 22 1.63929
5 23 1.08624
5 24 2.07659
5 25 1.89887
5 26 0.322756
5 27 0.864774
5 28 1.56836
5 29 1.62007
5 30 1.01893
5 31 2.01442
5 32 0.859791
5 33 1.28926
5 34 1.49149
5 35 1.91286
5 36 0.666831
5 37 1.56232
5 38 1.14276
5 39 0.462561
5 40 1.56359
5 41 0.397272
5 42 1.72661
5 43 0.904841
5 44 0.618684
5 45 0.149104
5 46 0.41109
5 47 1.30371
5 48 1.8805
5 49 1.51151
5 50 0.167292
5 51 0.357494
5 52 0.780659
5 53 0.875662
5 54 0.880261
5 55 1.18473
5 56 1.87549
5 57 0.63992
5 58 1.03825
5 59 0.612472
5 60 0.625643
5 61 0.444715
5 62 1.03334
5 63 1.05235
5 64 1.75469
5 65 1.31626
5 66 0.987866
5 67 1.57131
5 68 1.59722
5 69 1.39609
5 70 0.664779
5 71 1.49808
5 72 1.59624
5 73 0.856072
5 74 1.74024
5 75 1.88685
5 76 0.413104
5 77 0.310774
5 78 1.50829
5 79 0.577271
5 80 0.884662
5 81 1.16328
5 82 1.516
5 83 0.533154
5 84 0.819685
5 85 0.580554
5 86 1.6606
5 87 1.04998
5 88 1.89889
5 89 0.686525
5 90 1.19205
5 91 1.33571
5 92 1.45825
5 93 0.949831
5 94 2.21122
5 95 1.01165
5 96 1.18018
5 97 1.61044
5 98 1.51483
5 99 1.65343
6 7 2.06663
6 8 1.68315
6 9 1.55492
6 10 0.614938
6 11 0.823397
6 12 2.23366
6 13 1.82706
6 14 0.369121
6 15 1.44992
6 16 1.06433
6 17 1.83586
6 18 1.30446
6 19 1.43278
6 20 1.7337
6 21 0.800759
6 22 1.98807
6 23 1.43469
6 24 2.39895
6 25 2.22658
6 26 0.66695
6 27 1.21372
6 28 1.70943
6 29 1.95552
6 30 1.24252
6 31 2.30042
6 32 1.19156
6 33 1.61972
6 34 1.74857
6 35 2.17035
6 36 0.81661
6 37 1.86979
6 38 1.46371
6 39 0.807147
6 40 1.91089
6 41 0.703003
6 42 1.95985
6 43 0.979963
6 44 0.887937
6 45 0.496312
6 46 0.578496
6 47 1.55193
6 48 2.20012
6 49 1.85927
6 50 0.316224
6 51 0.0908096
6 52 1.09603
6 53 1.03523
6 54 1.17591
6 55 1.51066
6 56 2.14111
6 57 0.960677
6 58 1.11836
6 59 0.903039
6 60 0.960994
6 61 0.66388
6 62 1.13557
6 63 1.39915
6 64 2.06042
6 65 1.66104
6 66 1.28425
6 67 1.90587
6 68 1.93917
6 69 1.73409
6 70 0.99526
6 71 1.81906
6 72 1.93955
6 73 1.00673
6 74 2.00762
6 75 2.17535
6 76 0.471376
6 77 0.198371
6 78 1.70797
6 79 0.86494
6 80 1.23349
6 81 1.3331
6 82 1.74635
6 83 0.86532
6 84 1.16751
6 85 0.917194
6 86 1.78247
6 87 1.35157
6 88 2.22459
6 89 0.811346
6 90 1.41207
6 91 1.5357
6 92 1.68392
6 93 1.16522
6 94 2.51075
6 95 1.34613
6 96 1.52825
6 97 1.92729
6 98 1.84202
6 99 1.99063
7 8 0.529889
7 9 0.857205
7 10 1.56004
7 11 1.6304
7 12 0.175755
7 13 1.30598
7 14 1.85739
7 15 1.28475
7 16 1.26287
7 17 0.352503
7 18 1.15361
7 19 1.34571
7 20 0.334838
7 21 1.37949
7 22 0.496466
7 23 0.74143
7 24 0.389097
7 25 0.192019
7 26 1.41197
7 27 0.947071
7 28 1.48282
7 29 0.117962
7 30 1.13137
7 31 0.675929
7 32 1.21066
7 33 0.448031
7 34 0.817904
7 35 0.871635
7 36 1.49994
7 37 0.392938
7 38 0.618923
7 39 1.35686
7 40 0.397507
7 41 1.36818
7 42 0.995802
7 43 1.64931
7 44 1.23759
7 45 1.60487
7 46 1.58531
7 47 0.911973
7 48 0.263586
7 49 0.43914
7 50 1.85332
7 51 2.04088
7 52 1.35785
7 53 1.40616
7 54 0.944621
7 55 0.562494
7 56 0.793333
7 57 1.10844
7 58 1.63903
7 59 1.52869
7 60 1.30583
7 61 1.47478
7 62 1.56835
7 63 0.731567
7 64 0.385932
7 65 0.85892
7 66 0.851265
7 67 1.06059
7 68 0.222393
7 69 0.991379
7 70 1.31525
7 71 1.23971
7 72 0.877258
7 73 1.43835
7 74 0.745026
7 75 0.596405
7 76 1.74863
7 77 2.03421
7 78 1.1699
7 79 1.23166
7 80 0.958916
7 81 1.31588
7 82 0.990862
7 83 1.38144
7 84 0.953732
7 85 1.32556
7 86 1.60315
7 87 0.778719
7 88 0.210126
7 89 1.55233
7 90 1.08895
7 91 1.16499
7 92 1.01973
7 93 1.19201
7 94 0.683686
7 95 0.721584
7 96 0.803355
7 97 0.275991
7 98 0.242842
7 99 0.105989
8 9 0.937771
8 10 1.11514
8 11 1.13189
8 12 0.698083
8 13 0.840886
8 14 1.41978
8 15 0.759317
8 16 0.757286
8 17 0.185065
8 18 0.625227
8 19 0.819525
8 20 0.370472
8 21 1.13558
8 22 0.852688
8 23 0.69683
8 24 0.746481
8 25 0.613183
8 26 1.08285
8 27 0.799856
8 28 0.985629
8 29 0.476753
8 30 0.609445
8 31 0.645227
8 32 1.1314
8 33 0.302044
8 34 0.353172
8 35 0.637034
8 36 1.01406
8 37 0.191111
8 38 0.285025
8 39 1.1074
8 40 0.715806
8 41 0.986624
8 42 0.610342
8 43 1.13245
8 44 0.801657
8 45 1.2781
8 46 1.14559
8 47 0.389124
8 48 0.545039
8 49 0.714858
8 50 1.52648
8 51 1.64114
8 52 1.25177
8 53 0.892486
8 54 0.507304
8 55 0.292196
8 56 0.572622
8 57 0.74519
8 58 1.113
8 59 1.36137
8 60 1.12736
8 61 1.0398
8 62 1.04198
8 63 0.635631
8 64 0.377655
8 65 1.00116
8 66 0.399166
8 67 1.29946
8 68 0.577402
8 69 1.16453
8 70 1.15662
8 71 1.4233
8 72 1.15425
8 73 0.926399
8 74 0.450576
8 75 0.516054
8 76 1.30354
8 77 1.69178
8 78 0.68305
8 79 0.818242
8 80 0.836847
8 81 0.786065
8 82 0.52023
8 83 1.17336
8 84 0.760585
8 85 1.12903
8 86 1.11187
8 87 0.332048
8 88 0.598386
8 89 1.0616
8 90 0.559366
8 91 0.646771
8 92 0.529565
8 93 0.6762
8 94 0.830259
8 95 0.47209
8 96 0.859594
8 97 0.280715
8 98 0.306608
8 99 0.524718
9 10 1.26678
9 11 1.48731
9 12 0.95258
9 13 1.72485
9 14 1.49108
9 15 1.50779
9 16 1.23256
9 17 0.917576
9 18 1.28881
9 19 1.55286
9 20 0.625547
9 21 0.75572
9 22 0.501246
9 23 0.267751
9 24 1.24298
9 25 1.04768
9 26 0.917585
9 27 0.382148
9 28 1.80957
9 29 0.750982
9 30 1.21804
9 31 1.4621
9 32 0.419142
9 33 0.639046
9 34 1.2763
9 35 1.55373
9 36 1.33766
9 37 0.992479
9 38 0.703306
9 39 0.747822
9 40 0.497214
9 41 0.985617
9 42 1.54595
9 43 1.59003
9 44 1.01685
9 45 1.05982
9 46 1.2735
9 47 1.22355
9 48 1.10905
9 49 0.441314
9 50 1.26762
9 51 1.56457
9 52 0.567058
9 53 1.37563
9 54 0.870699
9 55 0.662005
9 56 1.48089
9 57 0.797525
9 58 1.65121
9 59 0.775686
9 60 0.609526
9 61 1.17761
9 62 1.59505
9 63 0.345823
9 64 1.13139
9 65 0.113764
9 66 0.868108
9 67 0.434082
9 68 0.638821
9 69 0.25723
9 70 0.590849
9 71 0.497312
9 72 0.394681
9 73 1.39214
9 74 1.37536
9 75 1.34913
9 76 1.41868
9 77 1.45257
9 78 1.55265
9 79 0.963517
9 80 0.343534
9 81 1.46845
9 82 1.4238
9 83 0.705805
9 84 0.45752
9 85 0.648421
9 86 1.9388
9 87 0.841246
9 88 1.06733
9 89 1.3953
9 90 1.29846
9 91 1.45008
9 92 1.41108
9 93 1.22733
9 94 1.53068
9 95 0.561638
9 96 0.0799975
9 97 0.94244
9 98 0.782262
9 99 0.751216
10 11 0.308051
10 12 1.73436
10 13 1.22405
10 14 0.3047
10 15 0.847027
10 16 0.449492
10 17 1.2837
10 18 0.689784
10 19 0.837404
10 20 1.24316
10 21 0.663283
10 22 1.59671
10 23 1.06353
10 24 1.85494
10 25 1.69866
10 26 0.424784
10 27 0.884727
10 28 1.12961
10 29 1.45931
10 30 0.627926
10 31 1.70566
10 32 1.03504
10 33 1.11746
10 34 1.1397
10 35 1.55976
10 36 0.22385
10 37 1.30599
10 38 0.941126
10 39 0.645749
10 40 1.49232
10 41 0.287755
10 42 1.34502
10 43 0.472921
10 44 0.322523
10 45 0.466307
10 46 0.0366896
10 47 0.940995
10 48 1.65301
10 49 1.44951
10 50 0.606955
10 51 0.551963
10 52 1.01685
10 53 0.437705
10 54 0.619451
10 55 0.999365
10 56 1.53395
10 57 0.492104
10 58 0.600855
10 59 0.921257
10 60 0.820694
10 61 0.0915384
10 62 0.591213
10 63 1.00356
10 64 1.49068
10 65 1.38054
10 66 0.722058
10 67 1.6846
10 68 1.47469
10 69 1.5008
10 70 0.872041
10 71 1.66504
10 72 1.65866
10 73 0.415292
10 74 1.40204
10 75 1.58377
10 76 0.189486
10 77 0.699816
10 78 1.09687
10 79 0.33646
10 80 0.924403
10 81 0.732302
10 82 1.1315
10 83 0.759786
10 84 0.811989
10 85 0.778894
10 86 1.21856
10 87 0.794353
10 88 1.69134
10 89 0.245302
10 90 0.797137
10 91 0.923903
10 92 1.06898
10 93 0.550289
10 94 1.92808
10 95 0.875678
10 96 1.21343
10 97 1.37944
10 98 1.32146
10 99 1.50066
11 12 1.80593
11 13 1.02242
11 14 0.455482
11 15 0.653185
11 16 0.37518
11 17 1.31427
11 18 0.571429
11 19 0.62504
11 20 1.34246
11 21 0.958277
11 22 1.75285
11 23 1.25595
11 24 1.87604
11 25 1.74252
11 26 0.721803
11 27 1.11005
11 28 0.887761
11 29 1.54332
11 30 0.543546
11 31 1.64974
11 32 1.30784
11 33 1.21337
11 34 1.05932
11 35 1.45815
11 36 0.149926
11 37 1.31912
11 38 1.02957
11 39 0.938035
11 40 1.63516
11 41 0.563148
11 42 1.21299
11 43 0.168616
11 44 0.471314
11 45 0.773715
11 46 0.332464
11 47 0.861069
11 48 1.67585
11 49 1.59974
11 50 0.892014
11 51 0.741809
11 52 1.30591
11 53 0.261767
11 54 0.704536
11 55 1.09483
11 56 1.44728
11 57 0.689863
11 58 0.30432
11 59 1.2247
11 60 1.1068
11 61 0.360774
11 62 0.312591
11 63 1.18646
11 64 1.48735
11 65 1.59965
11 66 0.783319
11 67 1.91705
11 68 1.58512
11 69 1.73395
11 70 1.15889
11 71 1.91951
11 72 1.86863
11 73 0.225767
11 74 1.32459
11 75 1.53799
11 76 0.356444
11 77 0.952542
11 78 0.925727
11 79 0.524641
11 80 1.15518
11 81 0.537071
11 82 1.00522
11 83 1.05457
11 84 1.03139
11 85 1.06749
11 86 0.959244
11 87 0.854206
11 88 1.72949
11 89 0.0920173
11 90 0.680163
11 91 0.762199
11 92 0.938838
11 93 0.465717
11 94 1.89158
11 95 1.01842
11 96 1.42497
11 97 1.41127
11 98 1.3876
11 99 1.58866
12 13 1.44163
12 14 2.03072
12 15 1.44578
12 16 1.43775
12 17 0.515851
12 18 1.32325
12 19 1.50716
12 20 0.500129
12 21 1.53011
12 22 0.518253
12 23 0.87545
12 24 0.31592
12 25 0.167324
12 26 1.57509
12 27 1.09069
12 28 1.62867
12 29 0.278401
12 30 1.3037
12 31 0.719461
12 32 1.33206
12 33 0.619306
12 34 0.963621
12 35 0.956607
12 36 1.67569
12 37 0.544704
12 38 0.793373
12 39 1.50872
12 40 0.46007
12 41 1.53778
12 42 1.11496
12 43 1.82314
12 44 1.41204
12 45 1.7662
12 46 1.75925
12 47 1.07327
12 48 0.294516
12 49 0.513063
12 50 2.01312
12 51 2.21001
12 52 1.48171
12 53 1.58033
12 54 1.11994
12 55 0.735598
12 56 0.880598
12 57 1.27812
12 58 1.81024
12 59 1.66268
12 60 1.44586
12 61 1.64861
12 62 1.73937
12 63 0.876024
12 64 0.487325
12 65 0.934957
12 66 1.027
12 67 1.08962
12 68 0.324609
12 69 1.04895
12 70 1.45119
12 71 1.2829
12 72 0.900035
12 73 1.61276
12 74 0.855442
12 75 0.667705
12 76 1.92269
12 77 2.19554
12 78 1.31474
12 79 1.40471
12 80 1.09747
12 81 1.48211
12 82 1.13355
12 83 1.5257
12 84 1.10484
12 85 1.46862
12 86 1.74576
12 87 0.954472
12 88 0.20094
12 89 1.72804
12 90 1.25477
12 91 1.32229
12 92 1.1678
12 93 1.36565
12 94 0.661084
12 95 0.887543
12 96 0.909121
12 97 0.429045
12 98 0.418524
12 99 0.244135
13 14 1.46896
13 15 0.377499
13 16 0.7906
13 17 0.970741
13 18 0.565234
13 19 0.397459
13 20 1.21112
13 21 1.63077
13 22 1.69266
13 23 1.4607
13 24 1.33125
13 25 1.30075
13 26 1.46339
13 27 1.47449
13 28 0.23078
13 29 1.29034
13 30 0.647277
13 31 0.910041
13 32 1.79809
13 33 1.12765
13 34 0.495
13 35 0.622955
13 36 1.01087
13 37 0.915754
13 38 1.0222
13 39 1.60156
13 40 1.55609
13 41 1.29794
13 42 0.358639
13 43 0.900491
13 44 1.06324
13 45 1.61476
13 46 1.26045
13 47 0.501704
13 48 1.18149
13 49 1.55563
13 50 1.81494
13 51 1.75227
13 52 1.87803
13 53 0.791901
13 54 0.944616
13 55 1.06938
13 56 0.661818
13 57 1.18547
13 58 0.785262
13 59 1.90918
13 60 1.7019
13 61 1.20371
13 62 0.736288
13 63 1.38571
13 64 0.962529
13 65 1.80626
13 66 0.892886
13 67 2.12092
13 68 1.40851
13 69 1.9707
13 70 1.74668
13 71 2.2219
13 72 1.98766
13 73 0.820559
13 74 0.612267
13 75 0.857949
13 76 1.3572
13 77 1.92363
13 78 0.173685
13 79 1.12687
13 80 1.52262
13 81 0.493982
13 82 0.321778
13 83 1.70559
13 84 1.40642
13 85 1.68334
13 86 0.316458
13 87 0.896602
13 88 1.27203
13 89 1.01735
13 90 0.486483
13 91 0.322598
13 92 0.316455
13 93 0.704309
13 94 1.16599
13 95 1.17412
13 96 1.64488
13 97 1.03103
13 98 1.12988
13 99 1.3354
14 15 1.09369
14 16 0.732168
14 17 1.5875
14 18 0.967557
14 19 1.0724
14 20 1.53553
14 21 0.794913
14 22 1.86254
14 23 1.31584
14 24 2.15855
14 25 2.0001
14 26 0.580094
14 27 1.11623
14 28 1.34299
14 29 1.75408
14 30 0.914686
14 31 2.00677
14 32 1.19771
14 33 1.4119
14 34 1.43419
14 35 1.851
14 36 0.466859
14 37 1.61058
14 38 1.23906
14 39 0.787554
14 40 1.76603
14 41 0.518508
14 42 1.62545
14 43 0.61087
14 44 0.623352
14 45 0.506974
14 46 0.274727
14 47 1.23399
14 48 1.95674
14 49 1.72009
14 50 0.508117
14 51 0.28633
14 52 1.14372
14 53 0.680647
14 54 0.921798
14 55 1.29515
14 56 1.82888
14 57 0.765305
14 58 0.749327
14 59 0.997315
14 60 0.965745
14 61 0.383658
14 62 0.766963
14 63 1.26368
14 64 1.79537
14 65 1.60377
14 66 1.0257
14 67 1.88867
14 68 1.76166
14 69 1.70716
14 70 1.01212
14 71 1.84123
14 72 1.88573
14 73 0.649689
14 74 1.6985
14 75 1.88594
14 76 0.119842
14 77 0.517472
14 78 1.35847
14 79 0.626082
14 80 1.14897
14 81 0.976403
14 82 1.41259
14 83 0.88411
14 84 1.05194
14 85 0.920294
14 86 1.41383
14 87 1.09765
14 88 1.99353
14 89 0.45208
14 90 1.07754
14 91 1.18835
14 92 1.34814
14 93 0.834597
14 94 2.23163
14 95 1.15899
14 96 1.44716
14 97 1.68294
14 98 1.62077
14 99 1.79417
15 16 0.42253
15 17 0.93237
15 18 0.229802
15 19 0.0617376
15 20 1.09785
15 21 1.29423
15 22 1.58002
15 23 1.2403
15 24 1.41737
15 25 1.33461
15 26 1.10906
15 27 1.20581
15 28 0.323309
15 29 1.23583
15 30 0.312736
15 31 1.08529
15 32 1.5097
15 33 0.987386
15 34 0.514835
15 35 0.846897
15 36 0.633488
15 37 0.902321
15 38 0.837094
15 39 1.26587
15 40 1.44434
15 41 0.938528
15 42 0.581611
15 43 0.549182
15 44 0.70933
15 45 1.24939
15 46 0.883335
15 47 0.372841
15 48 1.23516
15 49 1.4302
15 50 1.44175
15 51 1.37588
15 52 1.57128
15 53 0.414705
15 54 0.656625
15 55 0.897729
15 56 0.853813
15 57 0.861741
15 58 0.456731
15 59 1.57729
15 60 1.38433
15 61 0.829845
15 62 0.394452
15 63 1.16202
15 64 1.01816
15 65 1.60271
15 66 0.63988
15 67 1.92883
15 68 1.32833
15 69 1.76322
15 70 1.43227
15 71 2.00058
15 72 1.82042
15 73 0.444174
15 74 0.75172
15 75 0.994842
15 76 0.980744
15 77 1.54681
15 78 0.275554
15 79 0.777096
15 80 1.25585
15 81 0.117293
15 82 0.395207
15 83 1.37576
15 84 1.13045
15 85 1.36046
15 86 0.444779
15 87 0.670598
15 88 1.31209
15 89 0.641623
15 90 0.215024
15 91 0.138102
15 92 0.332056
15 93 0.348744
15 94 1.34233
15 95 0.946534
15 96 1.42983
15 97 1.0168
15 98 1.06541
15 99 1.28387
16 17 0.940415
16 18 0.240398
16 19 0.430366
16 20 0.98925
16 21 0.887304
16 22 1.42708
16 23 0.977704
16 24 1.50087
16 25 1.36907
16 26 0.689862
16 27 0.881874
16 28 0.734914
16 29 1.18087
16 30 0.182785
16 31 1.2881
16 32 1.14922
16 33 0.861193
16 34 0.705129
16 35 1.11913
16 36 0.27394
16 37 0.94399
16 38 0.678977
16 39 0.860099
16 40 1.30192
16 41 0.517357
16 42 0.896365
16 43 0.393044
16 44 0.295595
16 45 0.826965
16 46 0.486059
16 47 0.504386
16 48 1.30077
16 49 1.27236
16 50 1.02488
16 51 0.999029
16 52 1.18954
16 53 0.151413
16 54 0.375501
16 55 0.745754
16 56 1.09914
16 57 0.483427
16 58 0.422519
16 59 1.17161
16 60 0.994714
16 61 0.415699
16 62 0.362951
16 63 0.901707
16 64 1.11287
16 65 1.33931
16 66 0.430319
16 67 1.66635
16 68 1.23361
16 69 1.48855
16 70 1.04505
16 71 1.70289
16 72 1.59066
16 73 0.178688
16 74 0.970862
16 75 1.17233
16 76 0.612751
16 77 1.141
16 78 0.652119
16 79 0.366318
16 80 0.931516
16 81 0.320488
16 82 0.682885
16 83 0.974018
16 84 0.801574
16 85 0.965792
16 86 0.843892
16 87 0.496437
16 88 1.35539
16 89 0.311973
16 90 0.347909
16 91 0.479008
16 92 0.619787
16 93 0.102429
16 94 1.52429
16 95 0.706044
16 96 1.16128
16 97 1.03723
16 98 1.02072
16 99 1.22727
17 18 0.809057
17 19 0.993423
17 20 0.295837
17 21 1.23715
17 22 0.736288
17 23 0.709539
17 24 0.571296
17 25 0.428776
17 26 1.21343
17 27 0.857131
17 28 1.13642
17 29 0.319689
17 30 0.794509
17 31 0.563091
17 32 1.17425
17 33 0.29868
17 34 0.476373
17 35 0.640717
17 36 1.19342
17 37 0.0753458
17 38 0.383484
17 39 1.21047
17 40 0.603717
17 41 1.13397
17 42 0.690665
17 43 1.31742
17 44 0.96519
17 45 1.41005
17 46 1.31277
17 47 0.559545
17 48 0.369307
17 49 0.615948
17 50 1.66046
17 51 1.79859
17 52 1.30666
17 53 1.07708
17 54 0.666863
17 55 0.357063
17 56 0.565703
17 57 0.882299
17 58 1.29745
17 59 1.43953
17 60 1.20555
17 61 1.20495
17 62 1.22637
17 63 0.663838
17 64 0.244996
17 65 0.961807
17 66 0.561797
17 67 1.23455
17 68 0.441473
17 69 1.11938
17 70 1.22832
17 71 1.37975
17 72 1.07322
17 73 1.1108
17 74 0.47245
17 75 0.440474
17 76 1.47297
17 77 1.83175
17 78 0.825695
17 79 0.974412
17 80 0.8862
17 81 0.966262
17 82 0.650515
17 83 1.26291
17 84 0.83369
17 85 1.21369
17 86 1.25912
17 87 0.490126
17 88 0.415258
17 89 1.24222
17 90 0.738925
17 91 0.812775
17 92 0.673449
17 93 0.860868
17 94 0.703049
17 95 0.550845
17 96 0.844574
17 97 0.097154
17 98 0.164812
17 99 0.365344
18 19 0.26595
18 20 0.925993
18 21 1.07245
18 22 1.39742
18 23 1.02245
18 24 1.34221
18 25 1.2321
18 26 0.898282
18 27 0.977726
18 28 0.552153
18 29 1.0888
18 30 0.0845072
18 31 1.08008
18 32 1.2799
18 33 0.806525
18 34 0.488428
18 35 0.889943
18 36 0.502252
18 37 0.79573
18 38 0.641109
18 39 1.04368
18 40 1.26437
18 41 0.733026
18 42 0.658015
18 43 0.52614
18 44 0.498012
18 45 1.05136
18 46 0.726382
18 47 0.292918
18 48 1.14796
18 49 1.24453
18 50 1.25928
18 51 1.23817
18 52 1.34243
18 53 0.309763
18 54 0.42857
18 55 0.705509
18 56 0.876262
18 57 0.634537
18 58 0.489147
18 59 1.35408
18 60 1.15692
18 61 0.654145
18 62 0.417932
18 63 0.944002
18 64 0.943869
18 65 1.38684
18 66 0.422415
18 67 1.71442
18 68 1.1656
18 69 1.54539
18 70 1.20434
18 71 1.77855
18 72 1.61435
18 73 0.345922
18 74 0.753239
18 75 0.971494
18 76 0.848959
18 77 1.38013
18 78 0.416087
18 79 0.562106
18 80 1.02788
18 81 0.182713
18 82 0.445038
18 83 1.15155
18 84 0.901702
18 85 1.1342
18 86 0.674581
18 87 0.463405
18 88 1.21392
18 89 0.529213
18 90 0.110542
18 91 0.244866
18 92 0.380797
18 93 0.142788
18 94 1.32573
18 95 0.7303
18 96 1.21191
18 97 0.901825
18 98 0.919977
18 99 1.13681
19 20 1.15503
19 21 1.31261
19 22 1.636
19 23 1.28586
19 24 1.47875
19 25 1.39634
19 26 1.12019
19 27 1.24321
19 28 0.304566
19 29 1.29577
19 30 0.344606
19 31 1.1426
19 32 1.54161
19 33 1.04304
19 34 0.575695
19 35 0.899275
19 36 0.619013
19 37 0.96388
19 38 0.889457
19 39 1.28469
19 40 1.50067
19 41 0.947573
19 42 0.63089
19 43 0.509697
19 44 0.72329
19 45 1.25319
19 46 0.873247
19 47 0.434009
19 48 1.29684
19 49 1.48553
19 50 1.43796
19 51 1.35659
19 52 1.59836
19 53 0.400326
19 54 0.694315
19 55 0.951066
19 56 0.908893
19 57 0.887129
19 58 0.40831
19 59 1.59652
19 60 1.40887
19 61 0.826875
19 62 0.349844
19 63 1.20745
19 64 1.0797
19 65 1.64939
19 66 0.68493
19 67 1.97628
19 68 1.38689
19 69 1.80898
19 70 1.45759
19 71 2.04387
19 72 1.87098
19 73 0.426523
19 74 0.809512
19 75 1.05393
19 76 0.961914
19 77 1.53657
19 78 0.318527
19 79 0.792618
19 80 1.29341
19 81 0.109994
19 82 0.451356
19 83 1.39631
19 84 1.16672
19 85 1.38342
19 86 0.417495
19 87 0.719501
19 88 1.37382
19 89 0.621683
19 90 0.269531
19 91 0.197504
19 92 0.389627
19 93 0.368358
19 94 1.40023
19 95 0.992646
19 96 1.47544
19 97 1.07822
19 98 1.12531
19 99 1.34385
20 21 1.04936
20 22 0.486064
20 23 0.442057
20 24 0.701885
20 25 0.510866
20 26 1.07725
20 27 0.626754
20 28 1.34832
20 29 0.221824
20 30 0.885519
20 31 0.838613
20 32 0.917427
20 33 0.129096
20 34 0.7225
20 35 0.9365
20 36 1.2043
20 37 0.371172
20 38 0.312887
20 39 1.0259
20 40 0.349068
20 41 1.03801
20 42 0.967299
20 43 1.3821
20 44 0.922631
20 45 1.27003
20 46 1.26637
20 47 0.742378
20 48 0.526837
20 49 0.344518
20 50 1.51858
20 51 1.70997
20 52 1.05862
20 53 1.13866
20 54 0.640533
20 55 0.248149
20 56 0.861517
20 57 0.778517
20 58 1.39146
20 59 1.21452
20 60 0.986177
20 61 1.15557
20 62 1.32298
20 63 0.414651
20 64 0.507953
20 65 0.666062
20 66 0.560716
20 67 0.942908
20 68 0.244402
20 69 0.823667
20 70 1.00036
20 71 1.08409
20 72 0.788542
20 73 1.16787
20 74 0.765512
20 75 0.72375
20 76 1.42996
20 77 1.69938
20 78 1.05122
20 79 0.909845
20 80 0.64521
20 81 1.10298
20 82 0.890702
20 83 1.05684
20 84 0.624984
20 85 1.00246
20 86 1.47609
20 87 0.492814
20 88 0.517547
20 89 1.25928
20 90 0.886045
20 91 0.999021
20 92 0.898251
20 93 0.933406
20 94 0.932318
20 95 0.387645
20 96 0.555227
20 97 0.318274
20 98 0.160367
20 99 0.258987
21 22 1.21047
21 23 0.670387
21 24 1.75008
21 25 1.56022
21 26 0.238499
21 27 0.44515
21 28 1.61563
21 29 1.26204
21 30 0.988146
21 31 1.77952
21 32 0.405338
21 33 0.961923
21 34 1.34378
21 35 1.74191
21 36 0.830954
21 37 1.29245
21 38 0.858899
21 39 0.0297273
21 40 1.15061
21 41 0.399413
21 42 1.61153
21 43 1.10892
21 44 0.591743
21 45 0.31102
21 46 0.652268
21 47 1.18953
21 48 1.56606
21 49 1.09544
21 50 0.514063
21 51 0.816694
21 52 0.355865
21 53 0.976575
21 54 0.709947
21 55 0.880295
21 56 1.68946
21 57 0.448287
21 58 1.21743
21 59 0.284304
21 60 0.171189
21 61 0.597583
21 62 1.18612
21 63 0.655353
21 64 1.48145
21 65 0.860533
21 66 0.797244
21 67 1.11271
21 68 1.2133
21 69 0.93687
21 70 0.217453
21 71 1.04861
21 72 1.13883
21 73 0.973647
21 74 1.55653
21 75 1.65057
21 76 0.755164
21 77 0.700388
21 78 1.46732
21 79 0.521064
21 80 0.451869
21 81 1.20425
21 82 1.41946
21 83 0.0965544
21 84 0.425855
21 85 0.125546
21 86 1.72938
21 87 0.836087
21 88 1.56634
21 89 0.876914
21 90 1.14445
21 91 1.30867
21 92 1.37477
21 93 0.945847
21 94 1.9401
21 95 0.687388
21 96 0.734624
21 97 1.31245
21 98 1.18879
21 99 1.28798
22 23 0.554096
22 24 0.833036
22 25 0.656937
22 26 1.32465
22 27 0.774868
22 28 1.83433
22 29 0.439458
22 30 1.34837
22 31 1.17158
22 32 0.9177
22 33 0.593043
22 34 1.19976
22 35 1.34676
22 36 1.6064
22 37 0.804385
22 38 0.758733
22 39 1.19627
22 40 0.137093
22 41 1.34418
22 42 1.42693
22 43 1.81707
22 44 1.29621
22 45 1.4942
22 46 1.61255
22 47 1.22833
22 48 0.756682
22 49 0.154766
22 50 1.72265
22 51 1.98413
22 52 1.06717
22 53 1.57849
22 54 1.05548
22 55 0.692879
22 56 1.26835
22 57 1.10484
22 58 1.84352
22 59 1.27173
22 60 1.08589
22 61 1.50528
22 62 1.77765
22 63 0.599148
22 64 0.866058
22 65 0.448505
22 66 1.00044
22 67 0.572556
22 68 0.300927
22 69 0.537871
22 70 1.076
22 71 0.764826
22 72 0.384565
22 73 1.60403
22 74 1.19831
22 75 1.08533
22 76 1.77154
22 77 1.90939
22 78 1.53557
22 79 1.26333
22 80 0.759658
22 81 1.57779
22 82 1.37109
22 83 1.17825
22 84 0.822521
22 85 1.11933
22 86 1.96197
22 87 0.942401
22 88 0.685349
22 89 1.66402
22 90 1.36647
22 91 1.4845
22 92 1.38219
22 93 1.38629
22 94 1.16652
22 95 0.734612
22 96 0.488512
22 97 0.707119
22 98 0.571528
22 99 0.409115
23 24 1.1278
23 25 0.931408
23 26 0.770553
23 27 0.225749
23 28 1.54196
23 29 0.624394
23 30 0.953072
23 31 1.27047
23 32 0.475676
23 33 0.413229
23 34 1.02282
23 35 1.32791
23 36 1.10616
23 37 0.781374
23 38 0.442831
23 39 0.652912
23 40 0.481095
23 41 0.797926
23 42 1.2968
23 43 1.34662
23 44 0.785536
23 45 0.942384
23 46 1.07565
23 47 0.959015
23 48 0.965032
23 49 0.427011
23 50 1.17611
23 51 1.43004
23 52 0.619028
23 53 1.12406
23 54 0.609131
23 55 0.409277
23 56 1.25855
23 57 0.575151
23 58 1.39923
23 59 0.78824
23 60 0.571076
23 61 0.972234
23 62 1.34061
23 63 0.0784448
23 64 0.942621
23 65 0.365127
23 66 0.600937
23 67 0.693413
23 68 0.55212
23 69 0.523119
23 70 0.575884
23 71 0.763916
23 72 0.615381
23 73 1.14297
23 74 1.14441
23 75 1.14984
23 76 1.23043
23 77 1.36257
23 78 1.28794
23 79 0.740608
23 80 0.223276
23 81 1.20285
23 82 1.16423
23 83 0.654147
23 84 0.268502
23 85 0.596073
23 86 1.67114
23 87 0.573615
23 88 0.943963
23 89 1.16434
23 90 1.03071
23 91 1.18265
23 92 1.14851
23 93 0.965926
23 94 1.37436
23 95 0.293919
23 96 0.189586
23 97 0.754157
23 98 0.601377
23 99 0.641136
24 25 0.197135
24 26 1.76035
24 27 1.32704
24 28 1.54169
24 29 0.503977
24 30 1.34256
24 31 0.481526
24 32 1.59915
24 33 0.792627
24 34 0.904467
24 35 0.763466
24 36 1.76049
24 37 0.557107
24 38 0.93544
24 39 1.72602
24 40 0.763715
24 41 1.69595
24 42 0.978603
24 43 1.8648
24 44 1.53577
24 45 1.95613
24 46 1.88383
24 47 1.06091
24 48 0.202076
24 49 0.812713
24 50 2.20655
24 51 2.3651
24 52 1.74573
24 53 1.63026
24 54 1.2372
24 55 0.891981
24 56 0.697179
24 57 1.43944
24 58 1.82847
24 59 1.91259
24 60 1.68668
24 61 1.77566
24 62 1.75744
24 63 1.11261
24 64 0.40056
24 65 1.23676
24 66 1.13292
24 67 1.40512
24 68 0.604196
24 69 1.35865
24 70 1.69861
24 71 1.59675
24 72 1.21577
24 73 1.66518
24 74 0.719029
24 75 0.480677
24 76 2.04424
24 77 2.3832
24 78 1.23433
24 79 1.54237
24 80 1.34213
24 81 1.47688
24 82 1.05499
24 83 1.75866
24 84 1.32671
24 85 1.70403
24 86 1.64655
24 87 1.06092
24 88 0.184629
24 89 1.80759
24 90 1.25474
24 91 1.28302
24 92 1.10355
24 93 1.41474
24 94 0.355847
24 95 1.07275
24 96 1.19147
24 97 0.475626
24 98 0.564425
24 99 0.494034
25 26 1.58002
25 27 1.13308
25 28 1.49629
25 29 0.307149
25 30 1.22193
25 31 0.552155
25 32 1.40213
25 33 0.609942
25 34 0.836212
25 35 0.793449
25 36 1.61961
25 37 0.436931
25 38 0.764901
25 39 1.53674
25 40 0.575536
25 41 1.52453
25 42 0.964671
25 43 1.74538
25 44 1.37694
25 45 1.7748
25 46 1.72598
25 47 0.965865
25 48 0.129117
25 49 0.621993
25 50 2.02458
25 51 2.19639
25 52 1.54891
25 53 1.50566
25 54 1.07923
25 55 0.715924
25 56 0.718458
25 57 1.26591
25 58 1.72124
25 59 1.71729
25 60 1.49254
25 61 1.61644
25 62 1.65003
25 63 0.918083
25 64 0.338397
25 65 1.04511
25 66 0.978825
25 67 1.2288
25 68 0.409656
25 69 1.17193
25 70 1.50348
25 71 1.41509
25 72 1.0415
25 73 1.53949
25 74 0.70268
25 75 0.503157
25 76 1.8881
25 77 2.20327
25 78 1.18299
25 79 1.37802
25 80 1.14694
25 81 1.38101
25 82 1.00105
25 83 1.56603
25 84 1.13549
25 85 1.51086
25 86 1.60971
25 87 0.905872
25 88 0.0336684
25 89 1.66934
25 90 1.15444
25 91 1.20593
25 92 1.04069
25 93 1.28938
25 94 0.509613
25 95 0.889524
25 96 0.995005
25 97 0.332473
25 98 0.384589
25 99 0.297323
26 27 0.554439
26 28 1.42476
26 29 1.29827
26 30 0.816276
26 31 1.72459
26 32 0.623931
26 33 0.970082
26 34 1.23415
26 35 1.64863
26 36 0.599206
26 37 1.25809
26 38 0.830841
26 39 0.221842
26 40 1.24428
26 41 0.175224
26 42 1.48778
26 43 0.875675
26 44 0.400724
26 45 0.196636
26 46 0.414267
26 47 1.06021
26 48 1.56626
26 49 1.19312
26 50 0.447245
26 51 0.659506
26 52 0.592983
26 53 0.760691
26 54 0.599935
26 55 0.868788
26 56 1.60436
26 57 0.338732
26 58 0.988921
26 59 0.505484
26 60 0.399632
26 61 0.361182
26 62 0.962119
26 63 0.732404
26 64 1.45067
26 65 1.02897
26 66 0.702687
26 67 1.30866
26 68 1.27453
26 69 1.12748
26 70 0.449966
26 71 1.26497
26 72 1.31119
26 73 0.753718
26 74 1.4691
26 75 1.59583
26 76 0.525998
26 77 0.62325
26 78 1.30805
26 79 0.336882
26 80 0.580572
26 81 1.01035
26 82 1.28465
26 83 0.335008
26 84 0.502252
26 85 0.356331
26 86 1.53255
26 87 0.757543
26 88 1.58108
26 89 0.642583
26 90 0.983166
26 91 1.14155
26 92 1.23322
26 93 0.762206
26 94 1.90984
26 95 0.691066
26 96 0.879923
26 97 1.29889
26 98 1.19693
26 99 1.33112
27 28 1.5224
27 29 0.82911
27 30 0.899193
27 31 1.41845
27 32 0.335152
27 33 0.56193
27 34 1.08477
27 35 1.43573
27 36 0.961074
27 37 0.922512
27 38 0.516932
27 39 0.427222
27 40 0.7068
27 41 0.605157
27 42 1.36321
27 43 1.22049
27 44 0.642576
27 45 0.719336
27 46 0.891962
27 47 0.980987
27 48 1.15293
27 49 0.652424
27 50 0.950695
27 51 1.21276
27 52 0.452603
27 53 1.01741
27 54 0.549263
27 55 0.511742
27 56 1.37247
27 57 0.421409
27 58 1.29135
27 59 0.588456
27 60 0.359646
27 61 0.795458
27 62 1.23954
27 63 0.215552
27 64 1.10018
27 65 0.495881
27 66 0.582003
27 67 0.807167
27 68 0.770602
27 69 0.623908
27 70 0.3746
27 71 0.822081
27 72 0.774493
27 73 1.03037
27 74 1.24829
27 75 1.2927
27 76 1.03931
27 77 1.13726
27 78 1.30112
27 79 0.585408
27 80 0.0502826
27 81 1.14856
27 82 1.20351
27 83 0.435132
27 84 0.0806444
27 85 0.378609
27 86 1.64863
27 87 0.582372
27 88 1.14241
27 89 1.01818
27 90 1.01002
27 91 1.17255
27 92 1.17581
27 93 0.893188
27 94 1.54843
27 95 0.329964
27 96 0.331295
27 97 0.918223
27 98 0.777927
27 99 0.851226
28 29 1.45413
28 30 0.63577
28 31 1.13532
28 32 1.83093
28 33 1.25066
28 34 0.665565
28 35 0.852015
28 36 0.907189
28 37 1.0899
28 38 1.11997
28 39 1.5875
28 40 1.69727
28 41 1.25201
28 42 0.583092
28 43 0.744838
28 44 1.02751
28 45 1.55579
28 46 1.16462
28 47 0.607502
28 48 1.38189
28 49 1.69027
28 50 1.73449
28 51 1.62926
28 52 1.89442
28 53 0.692842
28 54 0.974745
28 55 1.17524
28 56 0.88729
28 57 1.18504
28 58 0.615689
28 59 1.89918
28 60 1.70762
28 61 1.12586
28 62 0.580615
28 63 1.46439
28 64 1.16081
28 65 1.89976
28 66 0.947374
28 67 2.22247
28 68 1.56272
28 69 2.06239
28 70 1.75558
28 71 2.30547
28 72 2.10297
28 73 0.714393
28 74 0.826363
28 75 1.07577
28 76 1.23866
28 77 1.82477
28 78 0.313948
28 79 1.0965
28 80 1.57215
28 81 0.414443
28 82 0.495574
28 83 1.69817
28 84 1.44848
28 85 1.68355
28 86 0.129718
28 87 0.968346
28 88 1.46922
28 89 0.901337
28 90 0.513938
28 91 0.360278
28 92 0.463263
28 93 0.669894
28 94 1.39279
28 95 1.24862
28 96 1.73052
28 97 1.20697
28 98 1.2876
28 99 1.50085
29 30 1.05957
29 31 0.743139
29 32 1.09523
29 33 0.342201
29 34 0.796053
29 35 0.907364
29 36 1.40926
29 37 0.37819
29 38 0.520149
29 39 1.23958
29 40 0.320922
29 41 1.25941
29 42 1.00044
29 43 1.57101
29 44 1.1375
29 45 1.49034
29 46 1.4835
29 47 0.865699
29 48 0.358361
29 49 0.352527
29 50 1.73821
29 51 1.93161
29 52 1.24178
29 53 1.32711
29 54 0.848808
29 55 0.459979
29 56 0.828924
29 57 0.999775
29 58 1.56862
29 59 1.41112
29 60 1.18791
29 61 1.37275
29 62 1.49861
29 63 0.613611
29 64 0.4278
29 65 0.760973
29 66 0.760474
29 67 0.984266
29 68 0.139885
29 69 0.900909
29 70 1.19757
29 71 1.15437
29 72 0.806993
29 73 1.35819
29 74 0.762592
29 75 0.649027
29 76 1.64707
29 77 1.91976
29 78 1.14465
29 79 1.12801
29 80 0.841158
29 81 1.25753
29 82 0.970187
29 83 1.2635
29 84 0.836209
29 85 1.2076
29 86 1.57776
29 87 0.689121
29 88 0.321451
29 89 1.46288
29 90 1.03273
29 91 1.12279
29 92 0.991896
29 93 1.11566
29 94 0.780814
29 95 0.609428
29 96 0.693617
29 97 0.2714
29 98 0.170471
29 99 0.0481668
30 31 1.10876
30 32 1.19782
30 33 0.76226
30 34 0.522967
30 35 0.936411
30 36 0.455661
30 37 0.789045
30 38 0.589651
30 39 0.959335
30 40 1.21726
30 41 0.652885
30 42 0.717453
30 43 0.523671
30 44 0.41693
30 45 0.972703
30 46 0.664173
30 47 0.322314
30 48 1.14496
30 49 1.19442
30 50 1.18501
30 51 1.17926
30 52 1.25865
30 53 0.288455
30 54 0.351443
30 55 0.655604
30 56 0.91658
30 57 0.550153
30 58 0.509049
30 59 1.26963
30 60 1.07263
30 61 0.585357
30 62 0.439206
30 63 0.874745
30 64 0.948479
30 65 1.31812
30 66 0.357845
30 67 1.64625
30 68 1.12802
30 69 1.47509
30 70 1.12017
30 71 1.705
30 72 1.55152
30 73 0.324
30 74 0.788925
30 75 0.995078
30 76 0.795134
30 77 1.31071
30 78 0.493761
30 79 0.479608
30 80 0.949437
30 81 0.250973
30 82 0.504049
30 83 1.06706
30 84 0.822311
30 85 1.04975
30 86 0.757171
30 87 0.407056
30 88 1.20575
30 89 0.489913
30 90 0.173158
30 91 0.325293
30 92 0.442726
30 93 0.0807891
30 94 1.3483
30 95 0.663398
30 96 1.14205
30 97 0.889666
30 98 0.893215
30 99 1.10719
31 32 1.73733
31 33 0.861726
31 34 0.59216
31 35 0.297134
31 36 1.56185
31 37 0.495941
31 38 0.922004
31 39 1.75162
31 40 1.06296
31 41 1.61733
31 42 0.552319
31 43 1.59916
31 44 1.41259
31 45 1.91843
31 46 1.73934
31 47 0.788672
31 48 0.428113
31 49 1.09544
31 50 2.16474
31 51 2.25035
31 52 1.86921
31 53 1.38907
31 54 1.13416
31 55 0.910414
31 56 0.248248
31 57 1.38592
31 58 1.53319
31 59 1.99622
31 60 1.76173
31 61 1.64113
31 62 1.46535
31 63 1.22684
31 64 0.330815
31 65 1.49095
31 66 1.02676
31 67 1.72736
31 68 0.881371
31 69 1.63884
31 70 1.787
31 71 1.89519
31 72 1.54848
31 73 1.42531
31 74 0.333961
31 75 0.129176
31 76 1.8873
31 77 2.32474
31 78 0.851579
31 79 1.44103
31 80 1.44877
31 81 1.17067
31 82 0.691541
31 83 1.81354
31 84 1.3905
31 85 1.76688
31 86 1.22488
31 87 0.967458
31 88 0.518597
31 89 1.59855
31 90 0.97485
31 91 0.947472
31 92 0.753257
31 93 1.18889
31 94 0.259452
31 95 1.10296
31 96 1.39354
31 97 0.520353
31 98 0.679976
31 99 0.764983
32 33 0.875615
32 34 1.41961
32 35 1.76826
32 36 1.16701
32 37 1.24303
32 38 0.850591
32 39 0.410273
32 40 0.895524
32 41 0.750026
32 42 1.69802
32 43 1.44211
32 44 0.873589
32 45 0.713884
32 46 1.0307
32 47 1.3103
32 48 1.44037
32 49 0.838004
32 50 0.886862
32 51 1.21557
32 52 0.150881
32 53 1.26879
32 54 0.858199
32 55 0.840522
32 56 1.70363
32 57 0.665835
32 58 1.5329
32 59 0.356995
32 60 0.234801
32 61 0.956965
32 62 1.48981
32 63 0.510668
32 64 1.41286
32 65 0.502854
32 66 0.906272
32 67 0.714356
32 68 1.00805
32 69 0.545753
32 70 0.196302
32 71 0.643723
32 72 0.764079
32 73 1.27483
32 74 1.58118
32 75 1.61381
32 76 1.14991
32 77 1.06604
32 78 1.62557
32 79 0.805315
32 80 0.294708
32 81 1.441
32 82 1.53526
32 83 0.327141
32 84 0.393451
32 85 0.280409
32 86 1.95447
32 87 0.913492
32 88 1.41635
32 89 1.21965
32 90 1.32414
32 91 1.4892
32 92 1.50511
32 93 1.17916
32 94 1.84967
32 95 0.664497
32 96 0.433385
32 97 1.22611
32 98 1.07604
32 99 1.10754
33 34 0.651413
33 35 0.9179
33 36 1.0753
33 37 0.368806
33 38 0.183805
33 39 0.936831
33 40 0.458412
33 41 0.920226
33 42 0.912366
33 43 1.25419
33 44 0.79607
33 45 1.165
33 46 1.14139
33 47 0.64324
33 48 0.604397
33 49 0.442926
33 50 1.41501
33 51 1.59296
33 52 1.00903
33 53 1.01102
33 54 0.511697
33 55 0.119384
33 56 0.847052
33 57 0.660515
33 58 1.26607
33 59 1.14829
33 60 0.915652
33 61 1.03063
33 62 1.19808
33 63 0.365161
33 64 0.538901
33 65 0.699253
33 66 0.431983
33 67 0.999212
33 68 0.372689
33 69 0.862496
33 70 0.93549
33 71 1.12142
33 72 0.860022
33 73 1.03987
33 74 0.737125
33 75 0.73883
33 76 1.30498
33 77 1.59333
33 78 0.962373
33 79 0.78582
33 80 0.588833
33 81 0.985709
33 82 0.811831
33 83 0.97878
33 84 0.5456
33 85 0.927087
33 86 1.37958
33 87 0.364913
33 88 0.611515
33 89 1.13022
33 90 0.773509
33 91 0.895847
33 92 0.811651
33 93 0.807527
33 94 0.987416
33 95 0.280199
33 96 0.562164
33 97 0.356573
33 98 0.228266
33 99 0.383247
34 35 0.422481
34 36 0.97861
34 37 0.425096
34 38 0.582026
34 39 1.31417
34 40 1.0637
34 41 1.09898
34 42 0.278446
34 43 1.00766
34 44 0.873441
34 45 1.41692
34 46 1.17493
34 47 0.200743
34 48 0.728333
34 49 1.066
34 50 1.65151
34 51 1.69095
34 52 1.52367
34 53 0.797988
34 54 0.638298
34 55 0.614939
34 56 0.394696
34 57 0.905704
34 58 0.947439
34 59 1.59974
34 60 1.37281
34 61 1.08473
34 62 0.878237
34 63 0.953884
34 64 0.508141
34 65 1.34677
34 66 0.546602
34 67 1.65061
34 68 0.913579
34 69 1.51102
34 70 1.41003
34 71 1.76798
34 72 1.50737
34 73 0.834194
34 74 0.266052
34 75 0.488149
34 76 1.31436
34 77 1.79613
34 78 0.352067
34 79 0.916049
34 80 1.12818
34 81 0.586153
34 82 0.17415
34 83 1.40016
34 84 1.02979
34 85 1.365
34 86 0.785269
34 87 0.515463
34 88 0.810889
34 89 1.01191
34 90 0.38271
34 91 0.378925
34 92 0.204654
34 93 0.603744
34 94 0.841431
34 95 0.759165
34 96 1.19684
34 97 0.541914
34 98 0.634892
34 99 0.841588
35 36 1.39015
35 37 0.565449
35 38 0.918933
35 39 1.71268
35 40 1.22338
35 41 1.51889
35 42 0.27458
35 43 1.38518
35 44 1.29545
35 45 1.83465
35 46 1.59531
35 47 0.618815
35 48 0.664352
35 49 1.24469
35 50 2.07185
35 51 2.11157
35 52 1.88646
35 53 1.19701
35 54 1.04902
35 55 0.92895
35 56 0.0785506
35 57 1.3149
35 58 1.30327
35 59 1.98491
35 60 1.75294
35 61 1.50667
35 62 1.23905
35 63 1.27055
35 64 0.485851
35 65 1.60215
35 66 0.949841
35 67 1.87202
35 68 1.04615
35 69 1.76009
35 70 1.78549
35 71 2.02045
35 72 1.70492
35 73 1.23266
35 74 0.187762
35 75 0.291156
35 76 1.73135
35 77 2.21827
35 78 0.589499
35 79 1.3364
35 80 1.47361
35 81 0.945629
35 82 0.456702
35 83 1.7904
35 84 1.39255
35 85 1.75038
35 86 0.934371
35 87 0.905878
35 88 0.760376
35 89 1.41913
35 90 0.779642
35 91 0.713721
35 92 0.523124
35 93 1.01678
35 94 0.545487
35 95 1.10637
35 96 1.47853
35 97 0.642989
35 98 0.795179
35 99 0.940677
36 37 1.20378
36 38 0.891911
36 39 0.808875
36 40 1.49027
36 41 0.431752
36 42 1.15937
36 43 0.278347
36 44 0.321394
36 45 0.678491
36 46 0.25792
36 47 0.777906
36 48 1.55908
36 49 1.4538
36 50 0.830804
36 51 0.744149
36 52 1.17239
36 53 0.219124
36 54 0.564028
36 55 0.956175
36 56 1.3721
36 57 0.540382
36 58 0.39102
36 59 1.10469
36 60 0.972583
36 61 0.24353
36 62 0.372245
36 63 1.03697
36 64 1.37849
36 65 1.44989
36 66 0.649127
36 67 1.76784
36 68 1.44557
36 69 1.58489
36 70 1.02479
36 71 1.77293
36 72 1.71871
36 73 0.193226
36 74 1.24451
36 75 1.44542
36 76 0.350021
36 77 0.918455
36 78 0.893144
36 79 0.375829
36 80 1.00659
36 81 0.516958
36 82 0.946981
36 83 0.926329
36 84 0.882142
36 85 0.93493
36 86 0.994772
36 87 0.721321
36 88 1.60821
36 89 0.0582111
36 90 0.612676
36 91 0.72211
36 92 0.882095
36 93 0.374874
36 94 1.79663
36 95 0.871794
36 96 1.27508
36 97 1.29057
36 98 1.25724
36 99 1.45384
37 38 0.4341
37 39 1.26525
37 40 0.673454
37 41 1.17044
37 42 0.623734
37 43 1.31261
37 44 0.991328
37 45 1.45438
37 46 1.33624
37 47 0.530951
37 48 0.35686
37 49 0.687898
37 50 1.70412
37 51 1.82948
37 52 1.37354
37 53 1.0754
37 54 0.695201
37 55 0.41589
37 56 0.490358
37 57 0.923341
37 58 1.2848
37 59 1.5016
37 60 1.26724
37 61 1.23002
37 62 1.21357
37 63 0.733416
37 64 0.192619
37 65 1.03715
37 66 0.587778
37 67 1.30891
37 68 0.506557
37 69 1.19465
37 70 1.29158
37 71 1.455
37 72 1.14629
37 73 1.10995
37 74 0.398787
37 75 0.370841
37 76 1.49452
37 77 1.87268
37 78 0.776993
37 79 1.00553
37 80 0.953191
37 81 0.944597
37 82 0.598475
37 83 1.32177
37 84 0.895552
37 85 1.27376
37 86 1.21036
37 87 0.51855
37 88 0.41819
37 89 1.25054
37 90 0.717732
37 91 0.777616
37 92 0.626902
37 93 0.859326
37 94 0.652128
37 95 0.609498
37 96 0.919143
37 97 0.117156
37 98 0.235149
37 99 0.421416
38 39 0.83148
38 40 0.628366
38 41 0.760812
38 42 0.858427
38 43 1.072
38 44 0.618703
38 45 1.02747
38 46 0.966482
38 47 0.52209
38 48 0.737907
38 49 0.604806
38 50 1.27807
38 51 1.43173
38 52 0.967723
38 53 0.829414
38 54 0.329062
38 55 0.0669343
38 56 0.856622
38 57 0.504113
38 58 1.08803
38 59 1.07726
38 60 0.842999
38 61 0.856045
38 62 1.021
38 63 0.372075
38 64 0.624864
38 65 0.784631
38 66 0.248876
38 67 1.10354
38 68 0.556182
38 69 0.948848
38 70 0.871683
38 71 1.19991
38 72 0.984765
38 73 0.857638
38 74 0.7314
38 75 0.793491
38 76 1.12974
38 77 1.45114
38 78 0.850781
38 79 0.614262
38 80 0.555988
38 81 0.823017
38 82 0.721559
38 83 0.891674
38 84 0.475572
38 85 0.845893
38 86 1.24968
38 87 0.184644
38 88 0.761414
38 89 0.946619
38 90 0.622161
38 91 0.760071
38 92 0.707811
38 93 0.629504
38 94 1.08485
38 95 0.187522
38 96 0.623309
38 97 0.468182
38 98 0.38219
38 99 0.563367
39 40 1.13375
39 41 0.377127
39 42 1.58183
39 43 1.08708
39 44 0.564657
39 45 0.31353
39 46 0.63606
39 47 1.1598
39 48 1.54115
39 49 1.07897
39 50 0.526534
39 51 0.819839
39 52 0.371242
39 53 0.951194
39 54 0.680222
39 55 0.853799
39 56 1.66043
39 57 0.418677
39 58 1.19414
39 59 0.311845
39 60 0.179395
39 61 0.577721
39 62 1.16187
39 63 0.63518
39 64 1.45458
39 65 0.854156
39 66 0.767663
39 67 1.11257
39 68 1.19307
39 69 0.935247
39 70 0.228622
39 71 1.05398
39 72 1.13372
39 73 0.948865
39 74 1.5274
39 75 1.62262
39 76 0.743693
39 77 0.713225
39 78 1.43792
39 79 0.493783
39 80 0.436724
39 81 1.1765
39 82 1.38975
39 83 0.117616
39 84 0.403909
39 85 0.134998
39 86 1.70162
39 87 0.806821
39 88 1.54248
39 89 0.855684
39 90 1.11519
39 91 1.27952
39 92 1.3451
39 93 0.917642
39 94 1.91349
39 95 0.661287
39 96 0.7238
39 97 1.28643
39 98 1.16406
39 99 1.26616
40 41 1.24953
40 42 1.29412
40 43 1.69347
40 44 1.18522
40 45 1.42152
40 46 1.51006
40 47 1.09142
40 48 0.661073
40 49 0.0575483
40 50 1.6571
40 51 1.90176
40 52 1.04641
40 53 1.45324
40 54 0.933565
40 55 0.561888
40 56 1.14528
40 57 1.00275
40 58 1.7157
40 59 1.24096
40 60 1.04006
40 61 1.40131
40 62 1.64911
40 63 0.5119
40 64 0.748158
40 65 0.475003
40 66 0.873104
40 67 0.665056
40 68 0.181619
40 69 0.596399
40 70 1.03654
40 71 0.842282
40 72 0.486082
40 73 1.47971
40 74 1.06993
40 75 0.969863
40 76 1.67096
40 77 1.84348
40 78 1.39858
40 79 1.15672
40 80 0.699678
40 81 1.44404
40 82 1.23463
40 83 1.12836
40 84 0.744026
40 85 1.06955
40 86 1.82488
40 87 0.812808
40 88 0.600398
40 89 1.54744
40 90 1.23119
40 91 1.3478
40 92 1.24524
40 93 1.25755
40 94 1.08008
40 95 0.620625
40 96 0.463106
40 97 0.580895
40 98 0.439008
40 99 0.298975
41 42 1.34238
41 43 0.709969
41 44 0.236468
41 45 0.32201
41 46 0.289402
41 47 0.916015
41 48 1.49722
41 49 1.20267
41 50 0.553001
41 51 0.67275
41 52 0.742825
41 53 0.585587
41 54 0.483267
41 55 0.808941
41 56 1.47976
41 57 0.259754
41 58 0.818399
41 59 0.676598
41 60 0.543654
41 61 0.206956
41 62 0.789084
41 63 0.745202
41 64 1.36219
41 65 1.09927
41 66 0.591189
41 67 1.39887
41 68 1.25458
41 69 1.21524
41 70 0.59574
41 71 1.37733
41 72 1.37936
41 73 0.579213
41 74 1.34439
41 75 1.48994
41 76 0.434482
41 77 0.707405
41 78 1.14654
41 79 0.183133
41 80 0.642145
41 81 0.837604
41 82 1.13503
41 83 0.494586
41 84 0.536651
41 85 0.504536
41 86 1.3585
41 87 0.654752
41 88 1.52199
41 89 0.479058
41 90 0.823028
41 91 0.977592
41 92 1.08057
41 93 0.594156
41 94 1.81675
41 95 0.652982
41 96 0.936144
41 97 1.22469
41 98 1.14018
41 99 1.29663
42 43 1.1274
42 44 1.10956
42 45 1.66377
42 46 1.38138
42 47 0.427585
42 48 0.840622
42 49 1.30376
42 50 1.89027
42 51 1.89539
42 52 1.80116
42 53 0.955233
42 54 0.901991
42 55 0.88765
42 56 0.304201
42 57 1.16793
42 58 1.038
42 59 1.87243
42 60 1.64748
42 61 1.30158
42 62 0.975959
42 63 1.22942
42 64 0.628111
42 65 1.61149
42 66 0.817153
42 67 1.9073
42 68 1.13026
42 69 1.77486
42 70 1.6857
42 71 2.0336
42 72 1.75576
42 73 0.989873
42 74 0.262824
42 75 0.501188
42 76 1.50697
42 77 2.02466
42 78 0.316393
42 79 1.15975
42 80 1.40658
42 81 0.68658
42 82 0.213527
42 83 1.67149
42 84 1.30784
42 85 1.63818
42 86 0.674776
42 87 0.791349
42 88 0.934176
42 89 1.1825
42 90 0.548604
42 91 0.454136
42 92 0.277311
42 93 0.794811
42 94 0.809783
42 95 1.03731
42 96 1.46706
42 97 0.730253
42 98 0.855471
42 99 1.04171
43 44 0.578918
43 45 0.939218
43 46 0.499332
43 47 0.817853
43 48 1.66813
43 49 1.66254
43 50 1.06042
43 51 0.895547
43 52 1.45055
43 53 0.243952
43 54 0.761825
43 55 1.13875
43 56 1.38281
43 57 0.799872
43 58 0.138672
43 59 1.38083
43 60 1.2507
43 61 0.515837
43 62 0.165338
43 63 1.27346
43 64 1.46833
43 65 1.70044
43 66 0.823262
43 67 2.02318
43 68 1.62649
43 69 1.84168
43 70 1.3029
43 71 2.03893
43 72 1.96199
43 73 0.214365
43 74 1.2676
43 75 1.49468
43 76 0.52
43 77 1.11682
43 78 0.824545
43 79 0.641602
43 80 1.26773
43 81 0.44087
43 82 0.928476
43 83 1.20447
43 84 1.14032
43 85 1.21324
43 86 0.805791
43 87 0.889341
43 88 1.7294
43 89 0.233483
43 90 0.625617
43 91 0.673564
43 92 0.862098
43 93 0.457536
43 94 1.84868
43 95 1.08915
43 96 1.52343
43 97 1.41299
43 98 1.40845
43 99 1.61781
44 45 0.557925
44 46 0.349042
44 47 0.685181
44 48 1.33416
44 49 1.14557
44 50 0.780942
44 51 0.840963
44 52 0.901404
44 53 0.396429
44 54 0.298598
44 55 0.677543
44 56 1.26048
44 57 0.221242
44 58 0.660037
44 59 0.876039
44 60 0.704103
44 61 0.239918
44 62 0.616345
44 63 0.71757
44 64 1.17908
44 65 1.12881
44 66 0.403925
44 67 1.44804
44 68 1.15702
44 69 1.26556
44 70 0.755234
44 71 1.46003
44 72 1.39736
44 73 0.401248
44 74 1.12573
44 75 1.28741
44 76 0.511578
44 77 0.922827
44 78 0.910327
44 79 0.0713259
44 80 0.689252
44 81 0.61409
44 82 0.900652
44 83 0.679137
44 84 0.562871
44 85 0.673166
44 86 1.1388
44 87 0.475065
44 88 1.37018
44 89 0.3794
44 90 0.586573
44 91 0.742049
44 92 0.845166
44 93 0.361603
44 94 1.62458
44 95 0.564695
44 96 0.953732
44 97 1.06016
44 98 0.998979
44 99 1.1793
45 46 0.441617
45 47 1.23687
45 48 1.76253
45 49 1.36872
45 50 0.250693
45 51 0.506324
45 52 0.642369
45 53 0.870522
45 54 0.788906
45 55 1.06496
45 56 1.79269
45 57 0.532998
45 58 1.06558
45 59 0.491133
45 60 0.479188
45 61 0.437618
45 62 1.05074
45 63 0.911688
45 64 1.64698
45 65 1.16717
45 66 0.893785
45 67 1.42368
45 68 1.46146
45 69 1.24776
45 70 0.520226
45 71 1.35463
45 72 1.44715
45 73 0.856459
45 74 1.65727
45 75 1.78988
45 76 0.494278
45 77 0.429418
45 78 1.4664
45 79 0.504031
45 80 0.737556
45 81 1.14352
45 82 1.45694
45 83 0.388812
45 84 0.67773
45 85 0.433773
45 86 1.65606
45 87 0.950975
45 88 1.77636
45 89 0.709497
45 90 1.14391
45 91 1.29623
45 92 1.40258
45 93 0.910567
45 94 2.10594
45 95 0.885322
45 96 1.03196
45 97 1.49548
45 98 1.39232
45 99 1.52207
46 47 0.976501
46 48 1.68201
46 49 1.46642
46 50 0.573501
46 51 0.516265
46 52 1.00725
46 53 0.473283
46 54 0.647232
46 55 1.02379
46 56 1.56903
46 57 0.507867
46 58 0.62951
46 59 0.904753
46 60 0.812748
46 61 0.110798
46 62 0.622325
46 63 1.01738
46 64 1.5217
46 65 1.38724
46 66 0.750978
46 67 1.68827
46 68 1.49618
46 69 1.50463
46 70 0.863647
46 71 1.66414
46 72 1.66643
46 73 0.450229
46 74 1.43689
46 75 1.61707
46 76 0.163602
46 77 0.663629
46 78 1.13354
46 79 0.357203
46 80 0.930377
46 81 0.768437
46 82 1.16787
46 83 0.748497
46 84 0.820752
46 85 0.77016
46 86 1.25259
46 87 0.822933
46 88 1.71912
46 89 0.275585
46 90 0.833623
46 91 0.960588
46 92 1.10544
46 93 0.586723
46 94 1.9606
46 95 0.895559
46 96 1.22189
46 97 1.40822
46 98 1.34759
46 99 1.52438
47 48 0.871886
47 49 1.08307
47 50 1.46598
47 51 1.49275
47 52 1.40101
47 53 0.600589
47 54 0.480105
47 55 0.572601
47 56 0.595069
47 57 0.743169
47 58 0.769062
47 59 1.45626
47 60 1.23653
47 61 0.888657
47 62 0.698418
47 63 0.88404
47 64 0.660476
47 65 1.30672
47 66 0.40664
47 67 1.62449
47 68 0.964095
47 69 1.47089
47 70 1.27764
47 71 1.72077
47 72 1.49838
47 73 0.636818
47 74 0.466615
47 75 0.678646
47 76 1.11419
47 77 1.6054
47 78 0.329104
47 79 0.733059
47 80 1.02796
47 81 0.41667
47 82 0.230464
47 83 1.25365
47 84 0.916869
47 85 1.22375
47 86 0.736343
47 87 0.398948
47 88 0.944687
47 89 0.811713
47 90 0.194746
47 91 0.258168
47 92 0.194876
47 93 0.403067
47 94 1.03286
47 95 0.673243
47 96 1.14363
47 97 0.644484
47 98 0.695717
47 99 0.913567
48 49 0.701709
48 50 2.01319
48 51 2.16508
48 52 1.58374
48 53 1.43192
48 54 1.03565
48 55 0.697605
48 56 0.589514
48 57 1.24193
48 58 1.63595
48 59 1.74113
48 60 1.5118
48 61 1.57401
48 62 1.56477
48 63 0.941482
48 64 0.221303
48 65 1.11809
48 66 0.931049
48 67 1.32375
48 68 0.484065
48 69 1.25385
48 70 1.527
48 71 1.50318
48 72 1.13947
48 73 1.4666
48 74 0.577949
48 75 0.374073
48 76 1.84228
48 77 2.18823
48 78 1.06991
48 79 1.34169
48 80 1.17204
48 81 1.28855
48 82 0.888289
48 83 1.57977
48 84 1.14629
48 85 1.52651
48 86 1.49281
48 87 0.859181
48 88 0.0960902
48 89 1.60655
48 90 1.06406
48 91 1.10344
48 92 0.931497
48 93 1.21599
48 94 0.422696
48 95 0.882912
48 96 1.05009
48 97 0.274103
48 98 0.377489
48 99 0.365204
49 50 1.60307
49 51 1.85143
49 52 0.988884
49 53 1.42377
49 54 0.901114
49 55 0.539306
49 56 1.16705
49 57 0.958615
49 58 1.68879
49 59 1.1835
49 60 0.983308
49 61 1.35827
49 62 1.623
49 63 0.461422
49 64 0.775588
49 65 0.42409
49 66 0.845727
49 67 0.632669
49 68 0.217758
49 69 0.552263
49 70 0.979372
49 71 0.802669
49 72 0.460246
49 73 1.44939
49 74 1.08632
49 75 0.998198
49 76 1.62658
49 77 1.78956
49 78 1.39539
49 79 1.11478
49 80 0.644063
49 81 1.4254
49 82 1.23505
49 83 1.07201
49 84 0.691844
49 85 1.01316
49 86 1.81857
49 87 0.788095
49 88 0.64552
49 89 1.51127
49 90 1.21605
49 91 1.33774
49 92 1.2426
49 93 1.2317
49 94 1.12283
49 95 0.582246
49 96 0.405742
49 97 0.601876
49 98 0.452816
49 99 0.336796
50 51 0.365969
50 52 0.78357
50 53 1.04165
50 54 1.03204
50 55 1.3156
50 56 2.03257
50 57 0.78144
50 58 1.19575
50 59 0.587029
50 60 0.662145
50 61 0.611913
50 62 1.19413
50 63 1.15123
50 64 1.89674
50 65 1.36974
50 66 1.13841
50 67 1.60028
50 68 1.70522
50 69 1.43221
50 70 0.691546
50 71 1.50632
50 72 1.64424
50 73 1.02131
50 74 1.89716
50 75 2.03652
50 76 0.552761
50 77 0.186736
50 78 1.67514
50 79 0.735536
50 80 0.962997
50 81 1.33032
50 82 1.68038
50 83 0.565182
50 84 0.916695
50 85 0.620545
50 86 1.82542
50 87 1.1977
50 88 2.02648
50 89 0.847628
50 90 1.35806
50 91 1.50267
50 92 1.62326
50 93 1.11658
50 94 2.35528
50 95 1.13507
50 96 1.24865
50 97 1.74613
50 98 1.64256
50 99 1.76903
51 52 1.129
51 53 0.961456
51 54 1.13429
51 55 1.48137
51 56 2.08474
51 57 0.932452
51 58 1.03358
51 59 0.944827
51 60 0.982158
51 61 0.609363
51 62 1.05303
51 63 1.39009
51 64 2.01879
51 65 1.67281
51 66 1.24204
51 67 1.92825
51 68 1.92161
51 69 1.7535
51 70 1.01979
51 71 1.85036
51 72 1.95325
51 73 0.931809
51 74 1.95214
51 75 2.12647
51 76 0.395133
51 77 0.280814
51 78 1.6372
51 79 0.824345
51 80 1.23591
51 81 1.25873
51 82 1.68191
51 83 0.888448
51 84 1.16165
51 85 0.937334
51 86 1.69977
51 87 1.311
51 88 2.19311
51 89 0.735014
51 90 1.34686
51 91 1.4657
51 92 1.61865
51 93 1.10078
51 94 2.4655
51 95 1.32347
51 96 1.53352
51 97 1.8914
51 98 1.81237
51 99 1.96816
52 53 1.29711
52 54 0.933417
52 55 0.96434
52 56 1.82421
52 57 0.711471
52 58 1.55141
52 59 0.217463
52 60 0.19989
52 61 0.946921
52 62 1.51409
52 63 0.646787
52 64 1.54783
52 65 0.644536
52 66 0.994378
52 67 0.824557
52 68 1.15743
52 69 0.667946
52 70 0.147712
52 71 0.723066
52 72 0.89468
52 73 1.299
52 74 1.69878
52 75 1.74418
52 76 1.10996
52 77 0.955461
52 78 1.70744
52 79 0.830583
52 80 0.420471
52 81 1.49406
52 82 1.6293
52 83 0.261342
52 84 0.495324
52 85 0.238557
52 86 2.01482
52 87 1.01059
52 88 1.56237
52 89 1.22149
52 90 1.39666
52 91 1.56286
52 92 1.5947
52 93 1.23109
52 94 1.98965
52 95 0.780203
52 96 0.584145
52 97 1.36287
52 98 1.2158
52 99 1.2554
53 54 0.526045
53 55 0.896274
53 56 1.18553
53 57 0.606384
53 58 0.275601
53 59 1.25889
53 60 1.09893
53 61 0.435152
53 62 0.222555
53 63 1.04883
53 64 1.23691
53 65 1.48369
53 66 0.581099
53 67 1.80971
53 68 1.38306
53 69 1.63055
53 70 1.15041
53 71 1.83949
53 72 1.73828
53 73 0.0362327
53 74 1.063
53 75 1.27867
53 76 0.566404
53 77 1.13629
53 78 0.678086
53 79 0.466706
53 80 1.06637
53 81 0.297924
53 82 0.745621
53 83 1.06787
53 84 0.936781
53 85 1.06635
53 86 0.786762
53 87 0.646106
53 88 1.49056
53 89 0.229505
53 90 0.418423
53 91 0.509333
53 92 0.679517
53 93 0.216314
53 94 1.63268
53 95 0.85618
53 96 1.30576
53 97 1.1732
53 98 1.16494
53 99 1.37388
54 55 0.392394
54 56 1.00452
54 57 0.267407
54 58 0.797542
54 59 0.976689
54 60 0.760312
54 61 0.538514
54 62 0.735815
54 63 0.53166
54 64 0.884814
54 65 0.973704
54 66 0.10846
54 67 1.30195
54 68 0.881568
54 69 1.12792
54 70 0.803538
54 71 1.35433
54 72 1.21799
54 73 0.549716
54 74 0.869208
54 75 1.00667
54 76 0.808922
54 77 1.19065
54 78 0.774343
54 79 0.310971
54 80 0.599373
54 81 0.602192
54 82 0.710459
54 83 0.77375
54 84 0.473974
54 85 0.745258
54 86 1.10011
54 87 0.177009
54 88 1.07196
54 89 0.619548
54 90 0.465968
54 91 0.631369
54 92 0.668594
54 93 0.356907
54 94 1.33562
54 95 0.330648
54 96 0.796311
54 97 0.76161
54 98 0.703913
54 99 0.89237
55 56 0.863251
55 57 0.550005
55 58 1.15488
55 59 1.08593
55 60 0.851497
55 61 0.913102
55 62 1.08776
55 63 0.344492
55 64 0.60185
55 65 0.73759
55 66 0.315519
55 67 1.05219
55 68 0.490375
55 69 0.902193
55 70 0.876722
55 71 1.15626
55 72 0.927767
55 73 0.924394
55 74 0.74276
55 75 0.783304
55 76 1.18731
55 77 1.4913
55 78 0.899531
55 79 0.66923
55 80 0.546543
55 81 0.886929
55 82 0.762689
55 83 0.906366
55 84 0.480085
55 85 0.857931
55 86 1.30486
55 87 0.251498
55 88 0.714561
55 89 1.01125
55 90 0.682714
55 91 0.816269
55 92 0.753479
55 93 0.696309
55 94 1.05982
55 95 0.193945
55 96 0.582312
55 97 0.433928
55 98 0.331363
55 99 0.501965
56 57 1.2684
56 58 1.30757
56 59 1.92782
56 60 1.69494
56 61 1.47732
56 62 1.24158
56 63 1.20283
56 64 0.407465
56 65 1.52751
56 66 0.902677
56 67 1.79512
56 68 0.967795
56 69 1.68477
56 70 1.72625
56 71 1.94501
56 72 1.62729
56 73 1.22153
56 74 0.135441
56 75 0.218974
56 76 1.70905
56 77 2.18268
56 78 0.608593
56 79 1.29824
56 80 1.40926
56 81 0.946634
56 82 0.45883
56 83 1.73518
56 84 1.33168
56 85 1.6938
56 86 0.97691
56 87 0.854857
56 88 0.685604
56 89 1.40381
56 90 0.767127
56 91 0.717641
56 92 0.523626
56 93 0.997348
56 94 0.505778
56 95 1.04411
56 96 1.40626
56 97 0.565205
56 98 0.718397
56 99 0.862133
57 58 0.87643
57 59 0.723741
57 60 0.522602
57 61 0.400591
57 62 0.828735
57 63 0.512286
57 64 1.11591
57 65 0.910087
57 66 0.365723
57 67 1.22754
57 68 0.997933
57 69 1.04478
57 70 0.570675
57 71 1.23941
57 72 1.18158
57 73 0.615678
57 74 1.13344
57 75 1.25721
57 76 0.668218
57 77 0.949682
57 78 1.02021
57 79 0.166554
57 80 0.468018
57 81 0.782598
57 82 0.972409
57 83 0.520124
57 84 0.341942
57 85 0.499876
57 86 1.30405
57 87 0.418829
57 88 1.26404
57 89 0.597863
57 90 0.699088
57 91 0.86453
57 92 0.92671
57 93 0.519616
57 94 1.57393
57 95 0.395101
57 96 0.736463
57 97 0.970872
57 98 0.881367
57 99 1.03729
58 59 1.49413
58 60 1.35175
58 61 0.634283
58 62 0.0712295
58 63 1.32369
58 64 1.42866
58 65 1.75927
58 66 0.843092
58 67 2.08529
58 68 1.63501
58 69 1.90601
58 70 1.4038
58 71 2.11325
58 72 2.01293
58 73 0.261095
58 74 1.19941
58 75 1.43526
58 76 0.658347
58 77 1.25519
58 78 0.726819
58 79 0.727585
58 80 1.33998
58 81 0.362539
58 82 0.849022
58 83 1.31174
58 84 1.21071
58 85 1.31631
58 86 0.670105
58 87 0.903392
58 88 1.70297
58 89 0.356121
58 90 0.574388
58 91 0.590246
58 92 0.783954
58 93 0.458677
58 94 1.78724
58 95 1.12819
58 96 1.58133
58 97 1.39076
58 98 1.40198
58 99 1.61623
59 60 0.2345
59 61 0.865359
59 62 1.46565
59 63 0.800442
59 64 1.68405
59 65 0.858815
59 66 1.0553
59 67 1.03921
59 68 1.33836
59 69 0.885197
59 70 0.214171
59 71 0.925932
59 72 1.11209
59 73 1.25472
59 74 1.79768
59 75 1.86867
59 76 0.982303
59 77 0.749995
59 78 1.74366
59 79 0.805362
59 80 0.570459
59 81 1.48835
59 82 1.68672
59 83 0.203711
59 84 0.606075
59 85 0.234968
59 86 2.01347
59 87 1.08532
59 88 1.72809
59 89 1.1475
59 90 1.42274
59 91 1.58789
59 92 1.64511
59 93 1.22929
59 94 2.13568
59 95 0.893402
59 96 0.784103
59 97 1.50484
59 98 1.36637
59 99 1.42929
60 61 0.748657
60 62 1.31503
60 63 0.574509
60 64 1.45024
60 65 0.708548
60 66 0.831885
60 67 0.946162
60 68 1.12313
60 69 0.773099
60 70 0.0522067
60 71 0.877516
60 72 0.982107
60 73 1.10011
60 74 1.56547
60 75 1.63417
60 76 0.923065
60 77 0.845208
60 78 1.53343
60 79 0.632994
60 80 0.348386
60 81 1.30319
60 82 1.46662
60 83 0.0970074
60 84 0.371879
60 85 0.0457038
60 86 1.82615
60 87 0.85741
60 88 1.50205
60 89 1.02193
60 90 1.21719
60 91 1.38336
60 92 1.4279
60 93 1.04067
60 94 1.90298
60 95 0.658903
60 96 0.599828
60 97 1.27202
60 98 1.13578
60 99 1.20864
61 62 0.614702
61 63 0.912046
61 64 1.41669
61 65 1.29134
61 66 0.643368
61 67 1.59738
61 68 1.38564
61 69 1.41352
61 70 0.800539
61 71 1.58209
61 72 1.56882
61 73 0.419325
61 74 1.34404
61 75 1.51763
61 76 0.2744
61 77 0.726021
61 78 1.06781
61 79 0.246665
61 80 0.835905
61 81 0.718707
61 82 1.08864
61 83 0.693954
61 84 0.721941
61 85 0.708364
61 86 1.22191
61 87 0.714844
61 88 1.60994
61 89 0.282357
61 90 0.75774
61 91 0.894707
61 92 1.02803
61 93 0.511757
61 94 1.85872
61 95 0.785537
61 96 1.12334
61 97 1.30004
61 98 1.23741
61 99 1.41359
62 63 1.26447
62 64 1.35773
62 65 1.70216
62 66 0.777381
62 67 2.02898
62 68 1.56625
62 69 1.85067
62 70 1.36684
62 71 2.06159
62 72 1.95305
62 73 0.215349
62 74 1.13179
62 75 1.36628
62 76 0.668753
62 77 1.26372
62 78 0.667638
62 79 0.685591
62 80 1.28863
62 81 0.295126
62 82 0.783624
62 83 1.27925
62 84 1.15894
62 85 1.28097
62 86 0.646911
62 87 0.836384
62 88 1.63174
62 89 0.346824
62 90 0.503688
62 91 0.525356
62 92 0.718095
62 93 0.391554
62 94 1.7187
62 95 1.06619
62 96 1.52413
62 97 1.3196
62 98 1.33167
62 99 1.54628
63 64 0.902344
63 65 0.443378
63 66 0.522538
63 67 0.771592
63 68 0.557969
63 69 0.601536
63 70 0.586298
63 71 0.841138
63 72 0.689506
63 73 1.0684
63 74 1.08548
63 75 1.10388
63 76 1.17453
63 77 1.33677
63 78 1.21267
63 79 0.67589
63 80 0.230561
63 81 1.12445
63 82 1.09195
63 83 0.650481
63 84 0.234552
63 85 0.594152
63 86 1.59348
63 87 0.496152
63 88 0.928009
63 89 1.09518
63 90 0.952726
63 91 1.10534
63 92 1.07459
63 93 0.888264
63 94 1.34315
63 95 0.2159
63 96 0.267996
63 97 0.716314
63 98 0.569644
63 99 0.63582
64 65 1.16212
64 66 0.77679
64 67 1.40809
64 68 0.56768
64 69 1.31223
64 70 1.47242
64 71 1.57007
64 72 1.23378
64 73 1.27229
64 74 0.368168
64 75 0.222796
64 76 1.67836
64 77 2.06512
64 78 0.848626
64 79 1.19565
64 80 1.12773
64 81 1.07632
64 82 0.666986
64 83 1.5079
64 84 1.07843
64 85 1.45865
64 86 1.27252
64 87 0.708871
64 88 0.309527
64 89 1.42295
64 90 0.854562
64 91 0.88498
64 92 0.710613
64 93 1.02292
64 94 0.460071
64 95 0.795733
64 96 1.06273
64 97 0.189708
64 98 0.349178
64 99 0.457455
65 66 0.964708
65 67 0.32832
65 68 0.636673
65 69 0.164616
65 70 0.685459
65 71 0.422168
65 72 0.282232
65 73 1.50098
65 74 1.42821
65 75 1.38314
65 76 1.53213
65 77 1.55363
65 78 1.63532
65 79 1.07629
65 80 0.457132
65 81 1.56766
65 82 1.4998
65 83 0.805462
65 84 0.57087
65 85 0.749243
65 86 2.02931
65 87 0.933116
65 88 1.06759
65 89 1.50763
65 90 1.39141
65 91 1.53958
65 92 1.49082
65 93 1.33061
65 94 1.54074
65 95 0.656782
65 96 0.178031
65 97 0.975952
65 98 0.815937
65 99 0.753972
66 67 1.29208
66 68 0.804669
66 69 1.12405
66 70 0.87192
66 71 1.36088
66 72 1.1938
66 73 0.608912
66 74 0.767753
66 75 0.899003
66 76 0.911436
66 77 1.29842
66 78 0.719817
66 79 0.419331
66 80 0.630608
66 81 0.604173
66 82 0.635596
66 83 0.854463
66 84 0.51369
66 85 0.821249
66 86 1.0755
66 87 0.0730383
66 88 0.970296
66 89 0.702422
66 90 0.43351
66 91 0.592457
66 92 0.600517
66 93 0.38656
66 94 1.22716
66 95 0.307968
66 96 0.790522
66 97 0.657385
66 98 0.608897
66 99 0.805497
67 68 0.846295
67 69 0.183872
67 70 0.910628
67 71 0.209875
67 72 0.190477
67 73 1.82617
67 74 1.70687
67 75 1.63079
67 76 1.82604
67 77 1.77718
67 78 1.95168
67 79 1.39244
67 80 0.763239
67 81 1.89555
67 82 1.80941
67 83 1.04083
67 84 0.8857
67 85 0.990913
67 86 2.35216
67 87 1.25844
67 88 1.25653
67 89 1.82513
67 90 1.71659
67 91 1.8622
67 92 1.80458
67 93 1.65886
67 94 1.73805
67 95 0.984132
67 96 0.50577
67 97 1.23141
67 98 1.07684
67 99 0.964013
68 69 0.769788
68 70 1.12732
68 71 1.02018
68 72 0.667587
68 73 1.41225
68 74 0.897899
68 75 0.788819
68 76 1.65942
68 77 1.88953
68 78 1.25723
68 79 1.139
68 80 0.774919
68 81 1.34023
68 82 1.08694
68 83 1.20468
68 84 0.7905
68 85 1.14712
68 86 1.68834
68 87 0.737179
68 88 0.431089
68 89 1.50106
68 90 1.11964
68 91 1.22226
68 92 1.10369
68 93 1.17734
68 94 0.905691
68 95 0.602952
68 96 0.589363
68 97 0.406385
68 98 0.278808
68 99 0.119042
69 70 0.740694
69 71 0.260469
69 72 0.234345
69 73 1.64627
69 74 1.58811
69 75 1.53437
69 76 1.64313
69 77 1.61179
69 78 1.79962
69 79 1.20931
69 80 0.579567
69 81 1.72536
69 82 1.6644
69 83 0.86903
69 84 0.70284
69 85 0.817096
69 86 2.19185
69 87 1.0948
69 88 1.19663
69 89 1.64207
69 90 1.55284
69 91 1.70238
69 92 1.65536
69 93 1.48449
69 94 1.67506
69 95 0.816688
69 96 0.33354
69 97 1.12845
69 98 0.969457
69 99 0.88871
70 71 0.834448
70 72 0.954735
70 73 1.15185
70 74 1.59782
70 75 1.66002
70 76 0.971906
70 77 0.872181
70 78 1.57753
70 79 0.684216
70 80 0.356534
70 81 1.35232
70 82 1.50735
70 83 0.131637
70 84 0.396937
70 85 0.0936666
70 86 1.87469
70 87 0.894645
70 88 1.51407
70 89 1.0741
70 90 1.26278
70 91 1.42903
70 92 1.46982
70 93 1.08959
70 94 1.92264
70 95 0.685822
70 96 0.587815
70 97 1.29204
70 98 1.1525
70 99 1.21642
71 72 0.394306
71 73 1.85219
71 74 1.84856
71 75 1.79255
71 76 1.79041
71 77 1.6753
71 78 2.04987
71 79 1.39848
71 80 0.77327
71 81 1.95597
71 82 1.91893
71 83 0.96583
71 84 0.902714
71 85 0.923218
71 86 2.43447
71 87 1.33729
71 88 1.44133
71 89 1.82862
71 90 1.79317
71 91 1.94647
71 92 1.90767
71 93 1.7079
71 94 1.92206
71 95 1.05685
71 96 0.577163
71 97 1.38747
71 98 1.22897
71 99 1.13917
72 73 1.75787
72 74 1.54507
72 75 1.4558
72 76 1.81294
72 77 1.82655
72 78 1.82156
72 79 1.34814
72 80 0.737812
72 81 1.79692
72 82 1.67122
72 83 1.07906
72 84 0.8469
72 85 1.02429
72 86 2.23256
72 87 1.15195
72 88 1.06981
72 89 1.77676
72 90 1.60596
72 91 1.74396
72 92 1.67152
72 93 1.57237
72 94 1.55108
72 95 0.889894
72 96 0.445796
72 97 1.06211
72 98 0.911782
72 99 0.783554
73 74 1.09916
73 75 1.31487
73 76 0.53669
73 77 1.11168
73 78 0.71021
73 79 0.470268
73 80 1.07893
73 81 0.326953
73 82 0.780736
73 83 1.066
73 84 0.949735
73 85 1.06648
73 86 0.804602
73 87 0.675072
73 88 1.52464
73 89 0.19767
73 90 0.4544
73 91 0.542525
73 92 0.714536
73 93 0.25063
73 94 1.66886
73 95 0.878827
73 96 1.32322
73 97 1.20708
73 98 1.19678
73 99 1.40479
74 75 0.250722
74 76 1.57866
74 77 2.04764
74 78 0.527655
74 79 1.16298
74 80 1.28648
74 81 0.836929
74 82 0.359616
74 83 1.60375
74 84 1.20479
74 85 1.56327
74 86 0.927966
74 87 0.721067
74 88 0.671864
74 89 1.27796
74 90 0.645787
74 91 0.613768
74 92 0.419899
74 93 0.869682
74 94 0.590719
74 95 0.918773
74 96 1.29913
74 97 0.491666
74 98 0.633538
74 99 0.800554
75 76 1.76673
75 77 2.19732
75 78 0.778303
75 79 1.31445
75 80 1.32393
75 81 1.07333
75 82 0.607683
75 83 1.68514
75 84 1.26328
75 85 1.63882
75 86 1.17438
75 87 0.838965
75 88 0.469887
75 89 1.48381
75 90 0.869062
75 91 0.856805
75 92 0.665221
75 93 1.07451
75 94 0.354238
75 95 0.975273
75 96 1.2788
75 97 0.407432
75 98 0.567813
75 99 0.676217
76 77 0.596844
76 78 1.24302
76 79 0.520585
76 80 1.07519
76 81 0.8636
76 82 1.29392
76 83 0.848622
76 84 0.971064
76 85 0.878535
76 86 1.3146
76 87 0.983793
76 88 1.88082
76 89 0.340237
76 90 0.958741
76 91 1.07213
76 92 1.2297
76 93 0.715171
76 94 2.11299
76 95 1.05822
76 96 1.37048
76 97 1.5688
76 98 1.51053
76 99 1.68798
77 78 1.79281
77 79 0.885582
77 80 1.14973
77 81 1.43207
77 82 1.81252
77 83 0.748226
77 84 1.10222
77 85 0.804548
77 86 1.90691
77 87 1.36075
77 88 2.20428
77 89 0.924397
77 90 1.48347
77 91 1.61961
77 92 1.75292
77 93 1.23778
77 94 2.52193
77 95 1.3141
77 96 1.43478
77 97 1.91921
77 98 1.82011
77 99 1.95141
78 79 0.971222
78 80 1.34915
78 81 0.389032
78 82 0.181936
78 83 1.53995
78 84 1.23348
78 85 1.51603
78 86 0.433578
78 87 0.72292
78 88 1.15626
78 89 0.907489
78 90 0.325034
78 91 0.173206
78 92 0.153617
78 93 0.558601
78 94 1.11103
78 95 1.00066
78 96 1.47273
78 97 0.893923
78 98 0.980074
78 99 1.19089
79 80 0.630758
79 81 0.683748
79 82 0.953213
79 83 0.607963
79 84 0.506863
79 85 0.601865
79 86 1.20873
79 87 0.486995
79 88 1.37298
79 89 0.432779
79 90 0.646434
79 91 0.804799
79 92 0.899732
79 93 0.428542
79 94 1.64627
79 95 0.539218
79 96 0.902981
79 97 1.06772
79 98 0.996435
79 99 1.16827
80 81 1.19884
80 82 1.24941
80 83 0.430981
80 84 0.129942
80 85 0.372811
80 86 1.69851
80 87 0.629072
80 88 1.15763
80 89 1.06344
80 90 1.05952
80 91 1.22175
80 92 1.22268
80 93 0.943412
80 94 1.57235
80 95 0.370511
80 96 0.299489
80 97 0.943683
80 98 0.799545
80 99 0.860753
81 82 0.489328
81 83 1.28873
81 84 1.07094
81 85 1.27692
81 86 0.525126
81 87 0.646105
81 88 1.36054
81 89 0.524341
81 90 0.22738
81 91 0.232727
81 92 0.423441
81 93 0.262996
81 94 1.42484
81 95 0.911677
81 96 1.3921
81 97 1.05556
81 98 1.08752
81 99 1.30569
82 83 1.48409
82 84 1.14201
82 85 1.45414
82 86 0.612708
82 87 0.621774
82 88 0.974352
82 89 0.971486
82 90 0.335265
82 91 0.258854
82 92 0.0665976
82 93 0.581285
82 94 0.949797
82 95 0.887282
82 96 1.34388
82 97 0.714947
82 98 0.80845
82 99 1.01574
83 84 0.433588
83 85 0.0589698
83 86 1.81364
83 87 0.887278
83 88 1.57418
83 89 0.972806
83 90 1.21919
83 91 1.38447
83 92 1.44189
83 93 1.02843
83 94 1.96389
83 95 0.712441
83 96 0.693947
83 97 1.33354
83 98 1.20252
83 99 1.28629
84 85 0.381499
84 86 1.57407
84 87 0.520349
84 88 1.14251
84 89 0.939441
84 90 0.93741
84 91 1.10105
84 92 1.11169
84 93 0.814359
84 94 1.53213
84 95 0.288998
84 96 0.401438
84 97 0.901258
84 98 0.768965
84 99 0.862281
85 86 1.8009
85 87 0.85039
85 88 1.51946
85 89 0.983457
85 90 1.19762
85 91 1.36352
85 92 1.4138
85 93 1.01506
85 94 1.91343
85 95 0.66431
85 96 0.635364
85 97 1.28266
85 98 1.1496
85 99 1.22978
86 87 1.09756
86 88 1.58184
86 89 0.982939
86 90 0.642004
86 91 0.489951
86 92 0.585867
86 93 0.78584
86 94 1.47932
86 95 1.37765
86 96 1.85982
86 97 1.32716
86 98 1.41225
86 99 1.62417
87 88 0.897509
87 89 0.774203
87 90 0.458306
87 91 0.609211
87 92 0.593608
87 93 0.444869
87 94 1.16201
87 95 0.280705
87 96 0.76231
87 97 0.585297
87 98 0.536195
87 99 0.734508
88 89 1.65735
88 90 1.13444
88 91 1.18244
88 92 1.01511
88 93 1.27424
88 94 0.481529
88 95 0.891654
88 96 1.01304
88 97 0.318223
88 98 0.384181
88 99 0.316114
89 90 0.639645
89 91 0.738756
89 92 0.905848
89 93 0.409665
89 94 1.83612
89 95 0.92941
89 96 1.33298
89 97 1.33936
89 98 1.30952
89 99 1.50773
90 91 0.166269
90 92 0.271884
90 93 0.247021
90 94 1.2231
90 95 0.736837
90 96 1.21992
90 97 0.828242
90 98 0.862409
90 99 1.0809
91 92 0.194537
91 93 0.386589
91 94 1.2043
91 95 0.889851
91 96 1.37086
91 97 0.893525
91 98 0.95316
91 99 1.17051
92 93 0.518737
92 94 1.01062
92 95 0.865872
92 96 1.33109
92 97 0.744038
92 98 0.826747
92 99 1.03834
93 94 1.42736
93 95 0.682558
93 96 1.1532
93 97 0.956915
93 98 0.951689
93 99 1.16283
94 95 1.25318
94 96 1.47011
94 97 0.630966
94 98 0.773902
94 99 0.787245
95 96 0.483337
95 97 0.625142
95 98 0.508329
95 99 0.64484
96 97 0.873251
96 98 0.713696
96 99 0.697688
97 98 0.160411
97 99 0.311496
98 99 0.218597