10
0 1 0.554773
0 2 1.14527
0 3 0.424794
0 4 0.272193
0 5 0.917082
0 6 0.745984
0 7 1.06281
0 8 0.48578
0 9 0.989412
1 2 0.704467
1 3 0.492535
1 4 0.768496
1 5 0.381796
1 6 1.1139
1 7 0.53272
1 8 0.645805
1 9 0.449733
2 3 1.19681
2 4 1.40618
2 5 0.396502
2 6 1.35769
2 7 0.316257
2 8 1.34995
2 9 0.383475
3 4 0.441796
3 5 0.856205
3 6 1.17
3 7 1.00483
3 8 0.153326
3 9 0.91552
4 5 1.14715
4 6 0.874242
4 7 1.29677
4 8 0.408966
4 9 1.21707
5 6 1.34391
5 7 0.151007
5 8 1.0081
5 9 0.0733682
6 7 1.44861
6 8 1.22365
6 9 1.41222
7 8 1.15606
7 9 0.0913365
8 9 1.06629