100
0 1 1.33558
0 2 1.00883
0 3 0.301816
0 4 1.14498
0 5 1.35519
0 6 1.27998
0 7 0.798457
0 8 1.05697
0 9 1.15478
0 10 1.20415
0 11 0.22296
0 12 1.02332
0 13 0.747331
0 14 0.4751
0 15 1.21374
0 16 0.968054
0 17 0.681288
0 18 0.157609
0 19 1.22406
0 20 0.901404
0 21 0.843293
0 22 0.628386
0 23 0.274219
0 24 0.233221
0 25 1.36145
0 26 1.51627
0 27 0.408915
0 28 1.62909
0 29 0.738105
0 30 0.969493
0 31 0.954006
0 32 0.336907
0 33 1.16302
0 34 0.854538
0 35 1.43263
0 36 1.51745
0 37 0.593053
0 38 0.966309
0 39 0.988826
0 40 1.10885
0 41 1.01892
0 42 0.990674
0 43 0.584523
0 44 0.652139
0 45 1.02281
0 46 0.76243
0 47 1.36781
0 48 1.07965
0 49 1.1034
0 50 0.980947
0 51 0.685786
0 52 1.32044
0 53 0.144532
0 54 0.256055
0 55 1.30765
0 56 0.295414
0 57 0.940622
0 58 1.01811
0 59 1.46282
0 60 0.952696
0 61 1.25363
0 62 0.633904
0 63 0.648061
0 64 0.815608
0 65 1.66201
0 66 0.304139
0 67 0.735421
0 68 0.951581
0 69 1.02242
0 70 1.13338
0 71 1.30287
0 72 0.660743
0 73 0.514632
0 74 1.32452
0 75 0.971519
0 76 0.640064
0 77 0.232249
0 78 0.778943
0 79 1.17685
0 80 0.994048
0 81 1.12989
0 82 1.00167
0 83 0.842912
0 84 1.04676
0 85 0.408269
0 86 1.05631
0 87 0.25723
0 88 1.03207
0 89 0.261568
0 90 0.124062
0 91 0.760145
0 92 0.262491
0 93 0.69194
0 94 1.07462
0 95 0.361772
0 96 1.43897
0 97 0.622995
0 98 0.441681
0 99 0.441978
1 2 1.08383
1 3 1.43197
1 4 1.16702
1 5 0.360823
1 6 0.967403
1 7 0.92798
1 8 2.20078
1 9 0.448686
1 10 0.436069
1 11 1.15597
1 12 0.484891
1 13 0.971288
1 14 1.32977
1 15 1.14053
1 16 1.83977
1 17 0.913991
1 18 1.48541
1 19 1.13757
1 20 1.90433
1 21 1.45718
1 22 0.715934
1 23 1.08745
1 24 1.13781
1 25 0.334277
1 26 0.351812
1 27 1.12347
1 28 1.27579
1 29 1.42541
1 30 0.449597
1 31 2.01471
1 32 1.00612
1 33 1.74506
1 34 1.84275
1 35 0.56228
1 36 0.424307
1 37 1.79287
1 38 0.983526
1 39 0.831305
1 40 1.20901
1 41 0.844488
1 42 0.750975
1 43 1.76606
1 44 1.29762
1 45 2.17407
1 46 1.5954
1 47 0.987222
1 48 0.291393
1 49 0.617725
1 50 0.994772
1 51 1.20902
1 52 0.525675
1 53 1.30008
1 54 1.40117
1 55 0.028238
1 56 1.63068
1 57 1.13241
1 58 1.97992
1 59 1.33093
1 60 1.11885
1 61 1.67162
1 62 1.68753
1 63 1.89296
1 64 1.15379
1 65 1.2998
1 66 1.6313
1 67 0.775043
1 68 0.501376
1 69 0.534801
1 70 0.628702
1 71 1.66323
1 72 1.66569
1 73 1.75065
1 74 0.342039
1 75 0.424733
1 76 0.711539
1 77 1.2447
1 78 0.950769
1 79 0.323915
1 80 2.01752
1 81 0.439692
1 82 1.71998
1 83 1.85844
1 84 0.715067
1 85 0.936814
1 86 0.448371
1 87 1.4916
1 88 1.89506
1 89 1.10726
1 90 1.38198
1 91 0.575431
1 92 1.14934
1 93 1.15467
1 94 1.29543
1 95 1.25635
1 96 1.07669
1 97 0.768447
1 98 1.77725
1 99 0.905377
2 3 0.845653
2 4 0.144774
2 5 0.827203
2 6 0.330231
2 7 1.3489
2 8 1.33675
2 9 1.27566
2 10 0.673329
2 11 1.01889
2 12 1.18191
2 13 1.34012
2 14 0.619029
2 15 0.204915
2 16 0.867565
2 17 1.23641
2 18 1.1432
2 19 0.215313
2 20 0.994746
2 21 0.470736
2 22 0.728026
2 23 0.976591
2 24 0.80061
2 25 0.852357
2 26 1.42334
2 27 1.1753
2 28 0.624091
2 29 0.503477
2 30 0.672679
2 31 1.1201
2 32 0.793335
2 33 0.677396
2 34 0.939255
2 35 0.749022
2 36 1.47998
2 37 1.0784
2 38 0.104749
2 39 1.42792
2 40 0.143073
2 41 0.241232
2 42 0.33312
2 43 1.59303
2 44 1.48447
2 45 1.32085
2 46 1.70376
2 47 0.413761
2 48 1.03841
2 49 0.476796
2 50 0.0904553
2 51 1.45647
2 52 0.674572
2 53 0.874303
2 54 1.24152
2 55 1.0622
2 56 1.21997
2 57 0.0922155
2 58 1.02861
2 59 0.460764
2 60 0.0725335
2 61 0.587814
2 62 1.63094
2 63 1.1988
2 64 0.217189
2 65 0.656495
2 66 1.26269
2 67 1.15742
2 68 0.615107
2 69 0.551257
2 70 1.39257
2 71 0.581572
2 72 0.835445
2 73 1.51771
2 74 1.32481
2 75 0.708031
2 76 0.908147
2 77 1.12734
2 78 0.264506
2 79 0.762873
2 80 1.09695
2 81 1.24687
2 82 0.700909
2 83 0.969142
2 84 0.372022
2 85 0.901729
2 86 0.637735
2 87 0.952964
2 88 0.906986
2 89 0.99363
2 90 0.946321
2 91 0.818283
2 92 0.75428
2 93 0.332687
2 94 0.211671
2 95 1.24131
2 96 0.457292
2 97 0.998394
2 98 1.32087
2 99 0.741821
3 4 0.965182
3 5 1.3739
3 6 1.15509
3 7 1.06122
3 8 0.812863
3 9 1.33793
3 10 1.20892
3 11 0.487435
3 12 1.20623
3 13 1.01616
3 14 0.232159
3 15 1.0442
3 16 0.666589
3 17 0.936942
3 18 0.355958
3 19 1.05583
3 20 0.610665
3 21 0.574916
3 22 0.723193
3 23 0.511453
3 24 0.324217
3 25 1.38619
3 26 1.66539
3 27 0.692233
3 28 1.46649
3 29 0.469704
3 30 1.01244
3 31 0.677804
3 32 0.460625
3 33 0.873689
3 34 0.559959
3 35 1.40917
3 36 1.68067
3 37 0.36586
3 38 0.83223
3 39 1.23795
3 40 0.916839
3 41 0.923929
3 42 0.925738
3 43 0.805904
3 44 0.953181
3 45 0.781112
3 46 1.054
3 47 1.2435
3 48 1.21303
3 49 1.06757
3 50 0.843209
3 51 0.982181
3 52 1.30116
3 53 0.190522
3 54 0.547528
3 55 1.40378
3 56 0.385138
3 57 0.762851
3 58 0.724515
3 59 1.27186
3 60 0.778963
3 61 0.980919
3 62 0.896678
3 63 0.461001
3 64 0.631594
3 65 1.49817
3 66 0.437244
3 67 0.961535
3 68 0.978766
3 69 1.02082
3 70 1.34935
3 71 1.03565
3 72 0.361677
3 73 0.714205
3 74 1.48756
3 75 1.02516
3 76 0.803054
3 77 0.529503
3 78 0.670794
3 79 1.21317
3 80 0.710258
3 81 1.31028
3 82 0.705058
3 83 0.55237
3 84 0.987703
3 85 0.594802
3 86 1.07611
3 87 0.108655
3 88 0.730855
3 89 0.508639
3 90 0.179287
3 91 0.876853
3 92 0.292167
3 93 0.51309
3 94 0.859751
3 95 0.662073
3 96 1.30001
3 97 0.819374
3 98 0.475233
3 99 0.542601
4 5 0.879576
4 6 0.289414
4 7 1.4893
4 8 1.38719
4 9 1.3924
4 10 0.740088
4 11 1.16223
4 12 1.30472
4 13 1.48191
4 14 0.734436
4 15 0.0871046
4 16 0.897286
4 17 1.37825
4 18 1.27527
4 19 0.0996464
4 20 1.04236
4 21 0.521727
4 22 0.867465
4 23 1.12079
4 24 0.941458
4 25 0.906652
4 26 1.51346
4 27 1.32003
4 28 0.502865
4 29 0.578561
4 30 0.78058
4 31 1.16796
4 32 0.937718
4 33 0.652453
4 34 0.991045
4 35 0.770189
4 36 1.57489
4 37 1.16934
4 38 0.233331
4 39 1.56257
4 40 0.0678514
4 41 0.330772
4 42 0.430928
4 43 1.72803
4 44 1.62925
4 45 1.37451
4 46 1.84739
4 47 0.354888
4 48 1.14946
4 49 0.549491
4 50 0.215741
4 51 1.60099
4 52 0.7135
4 53 1.00788
4 54 1.38142
4 55 1.14742
4 56 1.34505
4 57 0.205206
4 58 1.06051
4 59 0.318789
4 60 0.19229
4 61 0.527217
4 62 1.77069
4 63 1.28933
4 64 0.335059
4 65 0.533932
4 66 1.39026
4 67 1.29608
4 68 0.723995
4 69 0.646356
4 70 1.51698
4 71 0.505153
4 72 0.912691
4 73 1.65028
4 74 1.42854
4 75 0.816792
4 76 1.04723
4 77 1.26998
4 78 0.408996
4 79 0.843117
4 80 1.1374
4 81 1.36419
4 82 0.715026
4 83 1.02404
4 84 0.454217
4 85 1.04637
4 86 0.730651
4 87 1.07355
4 88 0.927987
4 89 1.13765
4 90 1.0768
4 91 0.949993
4 92 0.893722
4 93 0.458002
4 94 0.178208
4 95 1.38511
4 96 0.369585
4 97 1.13889
4 98 1.43942
4 99 0.8865
5 6 0.640767
5 7 1.15732
5 8 2.0742
5 9 0.766981
5 10 0.169807
5 11 1.21989
5 12 0.758184
5 13 1.18745
5 14 1.22097
5 15 0.836531
5 16 1.65836
5 17 1.10806
5 18 1.51251
5 19 0.831239
5 20 1.75238
5 21 1.25933
5 22 0.739294
5 23 1.15138
5 24 1.13014
5 25 0.028967
5 26 0.701793
5 27 1.24827
5 28 0.920141
5 29 1.25145
5 30 0.388245
5 31 1.87157
5 32 1.01995
5 33 1.50458
5 34 1.69186
5 35 0.202652
5 36 0.780276
5 37 1.71213
5 38 0.739727
5 39 1.10924
5 40 0.932066
5 41 0.590213
5 42 0.518647
5 43 1.86401
5 44 1.48164
5 45 2.05151
5 46 1.77213
5 47 0.645634
5 48 0.538329
5 49 0.357069
5 50 0.746231
5 51 1.40587
5 52 0.176823
5 53 1.28303
5 54 1.48162
5 55 0.355534
5 56 1.64485
5 57 0.894924
5 58 1.81086
5 59 0.996312
5 60 0.87792
5 61 1.40366
5 62 1.8182
5 63 1.82334
5 64 0.951152
5 65 0.942916
5 66 1.65932
5 67 0.971858
5 68 0.404146
5 69 0.35478
5 70 0.94276
5 71 1.38471
5 72 1.53754
5 73 1.82888
5 74 0.697755
5 75 0.393518
5 76 0.818662
5 77 1.32523
5 78 0.772635
5 79 0.186395
5 80 1.86314
5 81 0.749798
5 82 1.51273
5 83 1.71384
5 84 0.463873
5 85 1.0032
5 86 0.300722
5 87 1.45411
5 88 1.70674
5 89 1.17298
5 90 1.36972
5 91 0.654163
5 92 1.12348
5 93 0.987915
5 94 1.0314
5 95 1.37202
5 96 0.729751
5 97 0.903964
5 98 1.78411
5 99 0.915249
6 7 1.46468
6 8 1.66173
6 9 1.26549
6 10 0.531815
6 11 1.24789
6 12 1.19994
6 13 1.4693
6 14 0.936109
6 15 0.217615
6 16 1.18068
6 17 1.36855
6 18 1.42514
6 19 0.208496
6 20 1.31799
6 21 0.793065
6 22 0.859011
6 23 1.19458
6 24 1.05531
6 25 0.669419
6 26 1.31921
6 27 1.3723
6 28 0.38483
6 29 0.833092
6 30 0.657866
6 31 1.4437
6 32 1.01375
6 33 0.940509
6 34 1.2641
6 35 0.500044
6 36 1.38929
6 37 1.40672
6 38 0.322933
6 39 1.5007
6 40 0.35605
6 41 0.273767
6 42 0.345667
6 43 1.86139
6 44 1.6704
6 45 1.64701
6 46 1.91828
6 47 0.0886918
6 48 1.01363
6 49 0.376331
6 50 0.312023
6 51 1.62573
6 52 0.465065
6 53 1.15624
6 54 1.49231
6 55 0.952261
6 56 1.51691
6 57 0.422441
6 58 1.34352
6 59 0.364408
6 60 0.402732
6 61 0.804431
6 62 1.878
6 63 1.52704
6 64 0.542544
6 65 0.417324
6 66 1.55427
6 67 1.26388
6 68 0.609587
6 69 0.506358
6 70 1.41247
6 71 0.772603
6 72 1.16565
6 73 1.79455
6 74 1.26561
6 75 0.693288
6 76 1.02679
6 77 1.36111
6 78 0.501367
6 79 0.652163
6 80 1.41694
6 81 1.2398
6 82 1.0022
6 83 1.2952
6 84 0.325138
6 85 1.08912
6 86 0.575607
6 87 1.25976
6 88 1.21416
6 89 1.21422
6 90 1.23507
6 91 0.895007
6 92 1.01784
6 93 0.646866
6 94 0.467046
6 95 1.45976
6 96 0.166796
6 97 1.12485
6 98 1.62755
6 99 0.937654
7 8 1.85456
7 9 0.534602
7 10 1.08653
7 11 0.579802
7 12 0.447689
7 13 0.0614225
7 14 1.12501
7 15 1.51959
7 16 1.69815
7 17 0.127472
7 18 0.883314
7 19 1.52466
7 20 1.66964
7 21 1.44631
7 22 0.622058
7 23 0.549867
7 24 0.76046
7 25 1.14579
7 26 0.925739
7 27 0.397452
7 28 1.8485
7 29 1.35907
7 30 0.845728
7 31 1.73833
7 32 0.656164
7 33 1.79335
7 34 1.61604
7 35 1.32759
7 36 0.889374
7 37 1.39064
7 38 1.25667
7 39 0.203316
7 40 1.48895
7 41 1.20619
7 42 1.12028
7 43 0.960585
7 44 0.39509
7 45 1.82063
7 46 0.686117
7 47 1.53252
7 48 0.64367
7 49 1.12247
7 50 1.27446
7 51 0.296792
7 52 1.23167
7 53 0.871015
7 54 0.691393
7 55 0.907991
7 56 1.02627
7 57 1.33053
7 58 1.78014
7 59 1.7792
7 60 1.33079
7 61 1.8192
7 62 0.832884
7 63 1.44467
7 64 1.25547
7 65 1.88039
7 66 0.993893
7 67 0.20138
7 68 0.877578
7 69 0.988212
7 70 0.416818
7 71 1.84681
7 72 1.41405
7 73 0.984573
7 74 0.726742
7 75 0.818327
7 76 0.443361
7 77 0.58434
7 78 1.08978
7 79 0.984578
7 80 1.77134
7 81 0.525408
7 82 1.67457
7 83 1.61181
7 84 1.14174
7 85 0.505206
7 86 0.953502
7 87 1.04994
7 88 1.7634
7 89 0.552955
7 90 0.910309
7 91 0.572224
7 92 0.812556
7 93 1.1667
7 94 1.51406
7 95 0.502068
7 96 1.62685
7 97 0.350511
7 98 1.16305
7 99 0.64546
8 9 2.14852
8 10 1.90444
8 11 1.27511
8 12 2.01733
8 13 1.80424
8 14 0.871024
8 15 1.47329
8 16 0.507483
8 17 1.73477
8 18 1.00223
8 19 1.48564
8 20 0.344857
8 21 0.868715
8 22 1.51725
8 23 1.31229
8 24 1.13698
8 25 2.09239
8 26 2.46223
8 27 1.46503
8 28 1.84199
8 29 0.839141
8 30 1.75817
8 31 0.219537
8 32 1.27233
8 33 0.857926
8 34 0.397681
8 35 2.05525
8 36 2.48355
8 37 0.463982
8 38 1.3836
8 39 2.04064
8 40 1.32007
8 41 1.52165
8 42 1.56642
8 43 1.26871
8 44 1.66804
8 45 0.0353211
8 46 1.66295
8 47 1.73816
8 48 2.00857
8 49 1.72783
8 50 1.38532
8 51 1.72264
8 52 1.96092
8 53 0.994306
8 54 1.22802
8 55 2.17317
8 56 0.893424
8 57 1.24628
8 58 0.355609
8 59 1.59872
8 60 1.26627
8 61 1.04798
8 62 1.43301
8 63 0.430666
8 64 1.14761
8 65 1.86631
8 66 0.950123
8 67 1.77133
8 68 1.71375
8 69 1.72494
8 70 2.16182
8 71 1.11706
8 72 0.538192
8 73 1.16639
8 74 2.29178
8 75 1.7785
8 76 1.61384
8 77 1.28204
8 78 1.30279
8 79 1.94071
8 80 0.261016
8 81 2.12046
8 82 0.702708
8 83 0.368019
8 84 1.62745
8 85 1.40729
8 86 1.79694
8 87 0.805312
8 88 0.503356
8 89 1.3056
8 90 0.944942
8 91 1.67347
8 92 1.10139
8 93 1.08829
8 94 1.21539
8 95 1.39695
8 96 1.75539
8 97 1.63217
8 98 0.814916
8 99 1.34756
9 10 0.767539
9 11 0.940421
9 12 0.132278
9 13 0.589139
9 14 1.30897
9 15 1.3917
9 16 1.87562
9 17 0.565324
9 18 1.28247
9 19 1.39243
9 20 1.89782
9 21 1.53864
9 22 0.65125
9 23 0.881243
9 24 1.01463
9 25 0.746249
9 26 0.39461
9 27 0.835886
9 28 1.62095
9 29 1.47829
9 30 0.615467
9 31 1.99153
9 32 0.877317
9 33 1.86741
9 34 1.83796
9 35 0.965447
9 36 0.371866
9 37 1.70122
9 38 1.17118
9 39 0.39565
9 40 1.41642
9 41 1.06453
9 42 0.964302
9 43 1.46548
9 44 0.927995
9 45 2.11764
9 46 1.22072
9 47 1.30921
9 48 0.252275
9 49 0.889171
9 50 1.18675
9 51 0.830956
9 52 0.89754
9 53 1.16826
9 54 1.14108
9 55 0.437716
9 56 1.43308
9 57 1.29466
9 58 1.99256
9 59 1.62289
9 60 1.28694
9 61 1.83777
9 62 1.35542
9 63 1.78212
9 64 1.26981
9 65 1.649
9 66 1.41719
9 67 0.446911
9 68 0.670244
9 69 0.762206
9 70 0.18015
9 71 1.84581
9 72 1.64181
9 73 1.47238
9 74 0.193096
9 75 0.579011
9 76 0.534921
9 77 0.998423
9 78 1.0657
9 79 0.642341
9 80 2.00899
9 81 0.0299044
9 82 1.79714
9 83 1.84462
9 84 0.955377
9 85 0.753726
9 86 0.68995
9 87 1.36693
9 88 1.93754
9 89 0.895954
9 90 1.23591
9 91 0.501745
9 92 1.04725
9 93 1.22607
9 94 1.47826
9 95 0.966497
9 96 1.40498
9 97 0.531949
9 98 1.57979
9 99 0.802496
10 11 1.08217
10 12 0.729584
10 13 1.1092
10 14 1.05194
10 15 0.707358
10 16 1.49154
10 17 1.02158
10 18 1.36175
10 19 0.703766
10 20 1.58327
10 21 1.09374
10 22 0.603296
10 23 1.01491
10 24 0.975646
10 25 0.188799
10 26 0.78775
10 27 1.12993
10 28 0.858873
10 29 1.08315
10 30 0.258082
10 31 1.70214
10 32 0.872266
10 33 1.34881
10 34 1.52265
10 35 0.248161
10 36 0.857523
10 37 1.54399
10 38 0.580819
10 39 1.06752
10 40 0.78745
10 41 0.432819
10 42 0.353789
10 43 1.7293
10 44 1.38256
10 45 1.88171
10 46 1.66631
10 47 0.557053
10 48 0.518862
10 49 0.196673
10 50 0.58885
10 51 1.31374
10 52 0.145191
10 53 1.12503
10 54 1.34514
10 55 0.420455
10 56 1.49036
10 57 0.735564
10 58 1.64301
10 59 0.89592
10 60 0.719392
10 61 1.25708
10 62 1.69445
10 63 1.65589
10 64 0.78504
10 65 0.885566
10 66 1.50772
10 67 0.891476
10 68 0.256612
10 69 0.188114
10 70 0.931944
10 71 1.24271
10 72 1.36773
10 73 1.6887
10 74 0.740694
10 75 0.275752
10 76 0.707804
10 77 1.19081
10 78 0.603299
10 79 0.126327
10 80 1.69426
10 81 0.745336
10 82 1.34936
10 83 1.54438
10 84 0.303058
10 85 0.87091
10 86 0.152428
10 87 1.29155
10 88 1.54085
10 89 1.03663
10 90 1.21191
10 91 0.543598
10 92 0.965394
10 93 0.818573
10 94 0.881713
10 95 1.24827
10 96 0.649728
10 97 0.800047
10 98 1.62745
10 99 0.768932
11 12 0.810197
11 13 0.531399
11 14 0.596917
11 15 1.21977
11 16 1.14413
11 17 0.459956
11 18 0.342562
11 19 1.22862
11 20 1.09809
11 21 0.955634
11 22 0.480757
11 23 0.0693389
11 24 0.237321
11 25 1.22223
11 26 1.31092
11 27 0.207422
11 28 1.61781
11 29 0.855725
11 30 0.832121
11 31 1.16096
11 32 0.234256
11 33 1.29421
11 34 1.04705
11 35 1.32268
11 36 1.30712
11 37 0.811408
11 38 0.955971
11 39 0.766953
11 40 1.13792
11 41 0.975768
11 42 0.927
11 43 0.647428
11 44 0.499165
11 45 1.24133
11 46 0.685358
11 47 1.3324
11 48 0.886243
11 49 1.01303
11 50 0.972549
11 51 0.50775
11 52 1.21074
11 53 0.297543
11 54 0.263025
11 55 1.12865
11 56 0.493113
11 57 0.966364
11 58 1.21165
11 59 1.47963
11 60 0.974448
11 61 1.35885
11 62 0.632947
11 63 0.870664
11 64 0.854982
11 65 1.65111
11 66 0.482012
11 67 0.513558
11 68 0.825565
11 69 0.912199
11 70 0.911651
11 71 1.40019
11 72 0.847063
11 73 0.609182
11 74 1.11553
11 75 0.82713
11 76 0.445893
11 77 0.113934
11 78 0.763586
11 79 1.03553
11 80 1.19652
11 81 0.916588
11 82 1.14991
11 83 1.03977
11 84 0.975694
11 85 0.221092
11 86 0.930137
11 87 0.470154
11 88 1.20927
11 89 0.0487331
11 90 0.330508
11 91 0.58699
11 92 0.294139
11 93 0.738781
11 94 1.12509
11 95 0.224666
11 96 1.413
11 97 0.412089
11 98 0.640428
11 99 0.322387
12 13 0.49596
12 14 1.18173
12 15 1.3106
12 16 1.75137
12 17 0.45619
12 18 1.15259
12 19 1.31229
12 20 1.76966
12 21 1.42173
12 22 0.527967
12 23 0.750158
12 24 0.882695
12 25 0.741306
12 26 0.510354
12 27 0.713945
12 28 1.56653
12 29 1.35792
12 30 0.542222
12 31 1.86204
12 32 0.745605
12 33 1.75468
12 34 1.71009
12 35 0.947997
12 36 0.497823
12 37 1.5692
12 38 1.07836
12 39 0.353194
12 40 1.32416
12 41 0.981835
12 42 0.882898
12 43 1.35005
12 44 0.831623
12 45 1.98632
12 46 1.12813
12 47 1.25064
12 48 0.219903
12 49 0.82629
12 50 1.0946
12 51 0.737895
12 52 0.868119
12 53 1.036
12 54 1.01675
12 55 0.467159
12 56 1.3032
12 57 1.1943
12 58 1.86575
12 59 1.55044
12 60 1.18789
12 61 1.73293
12 62 1.24769
12 63 1.64985
12 64 1.16103
12 65 1.59585
12 66 1.28859
12 67 0.327984
12 68 0.592878
12 69 0.693611
12 70 0.213462
12 71 1.74415
12 72 1.51303
12 73 1.35247
12 74 0.309439
12 75 0.506657
12 76 0.403494
12 77 0.871448
12 78 0.960077
12 79 0.609682
12 80 1.88046
12 81 0.106569
12 82 1.67812
12 83 1.71604
12 84 0.881254
12 85 0.621489
12 86 0.630321
12 87 1.23466
12 88 1.81379
12 89 0.765235
12 90 1.10368
12 91 0.384206
12 92 0.915943
12 93 1.11055
12 94 1.37983
12 95 0.846128
12 96 1.34708
12 97 0.40033
12 98 1.45022
12 99 0.672587
13 14 1.0895
13 15 1.5155
13 16 1.65939
13 17 0.103728
13 18 0.827278
13 19 1.52103
13 20 1.62595
13 21 1.41804
13 22 0.617679
13 23 0.506237
13 24 0.721994
13 25 1.17715
13 26 0.981915
13 27 0.34239
13 28 1.85389
13 29 1.32854
13 30 0.863276
13 31 1.69201
13 32 0.624624
13 33 1.76493
13 34 1.57319
13 35 1.35275
13 36 0.947463
13 37 1.34026
13 38 1.25033
13 39 0.2641
13 40 1.47878
13 41 1.20693
13 42 1.12388
13 43 0.89941
13 44 0.338858
13 45 1.77012
13 46 0.633003
13 47 1.53941
13 48 0.683813
13 49 1.13488
13 50 1.26816
13 51 0.242511
13 52 1.25436
13 53 0.825652
13 54 0.632086
13 55 0.950388
13 56 0.968973
13 57 1.31767
13 58 1.73757
13 59 1.7766
13 60 1.31885
13 61 1.79665
13 62 0.773226
13 63 1.39171
13 64 1.23771
13 65 1.88608
13 66 0.935456
13 67 0.217732
13 68 0.891773
13 69 1.00205
13 70 0.477018
13 71 1.82627
13 72 1.37161
13 73 0.923161
13 74 0.78192
13 75 0.837616
13 76 0.442887
13 77 0.529242
13 78 1.07866
13 79 1.01141
13 80 1.72637
13 81 0.578442
13 82 1.64161
13 83 1.56791
13 84 1.1485
13 85 0.47577
13 86 0.972204
13 87 1.00077
13 88 1.7247
13 89 0.507595
13 90 0.86139
13 91 0.583271
13 92 0.775499
13 93 1.14485
13 94 1.49952
13 95 0.442592
13 96 1.63289
13 97 0.345966
13 98 1.10464
13 99 0.622998
14 15 0.814665
14 16 0.578729
14 17 0.99754
14 18 0.57056
14 19 0.826467
14 20 0.589788
14 21 0.368547
14 22 0.66083
14 23 0.594423
14 24 0.370213
14 25 1.23669
14 26 1.59858
14 27 0.80151
14 28 1.23664
14 29 0.264077
14 30 0.8883
14 31 0.690403
14 32 0.471572
14 33 0.698347
14 34 0.5294
14 35 1.23121
14 36 1.62542
14 37 0.49526
14 38 0.615284
14 39 1.27917
14 40 0.685004
14 41 0.721405
14 42 0.738503
14 43 1.02723
14 44 1.09341
14 45 0.844595
14 46 1.23599
14 47 1.02381
14 48 1.14645
14 49 0.891293
14 50 0.624628
14 51 1.1042
14 52 1.1277
14 53 0.331815
14 54 0.731107
14 55 1.30217
14 56 0.616578
14 57 0.533771
14 58 0.68409
14 59 1.03975
14 60 0.550581
14 61 0.778732
14 62 1.10299
14 63 0.611382
14 64 0.40283
14 65 1.26807
14 66 0.666711
14 67 0.989413
14 68 0.84567
14 69 0.866837
14 70 1.35127
14 71 0.827858
14 72 0.338453
14 73 0.939467
14 74 1.43657
14 75 0.907795
14 76 0.786124
14 77 0.672296
14 78 0.472797
14 79 1.07604
14 80 0.701975
14 81 1.27975
14 82 0.555087
14 83 0.538274
14 84 0.801346
14 85 0.623099
14 86 0.933401
14 87 0.3408
14 88 0.643306
14 89 0.600056
14 90 0.373512
14 91 0.816222
14 92 0.314701
14 93 0.289301
14 94 0.628197
14 95 0.806391
14 96 1.07566
14 97 0.829397
14 98 0.705
14 99 0.514692
15 16 0.981387
15 17 1.41221
15 18 1.34757
15 19 0.0125468
15 20 1.12843
15 21 0.608655
15 22 0.898141
15 23 1.17523
15 24 1.00446
15 25 0.864401
15 26 1.49015
15 27 1.37006
15 28 0.422304
15 29 0.665331
15 30 0.776433
15 31 1.25395
15 32 0.991521
15 33 0.724801
15 34 1.0775
15 35 0.712429
15 36 1.5549
15 37 1.25533
15 38 0.268974
15 39 1.58248
15 40 0.153244
15 41 0.328781
15 42 0.428031
15 43 1.79792
15 44 1.67754
15 45 1.46089
15 46 1.90354
15 47 0.273706
15 48 1.14466
15 49 0.524805
15 50 0.251379
15 51 1.64499
15 52 0.665376
15 53 1.07893
15 54 1.44567
15 55 1.12246
15 56 1.42176
15 57 0.281366
15 58 1.14464
15 59 0.263428
15 60 0.265779
15 61 0.587025
15 62 1.83508
15 63 1.37542
15 64 0.412619
15 65 0.454149
15 66 1.4656
15 67 1.32338
15 68 0.721514
15 69 0.634467
15 70 1.52385
15 71 0.557021
15 72 0.999605
15 73 1.72225
15 74 1.41607
15 75 0.8129
15 76 1.07626
15 77 1.3293
15 78 0.457999
15 79 0.817539
15 80 1.22261
15 81 1.36418
15 82 0.797053
15 83 1.11069
15 84 0.439375
15 85 1.09248
15 86 0.715564
15 87 1.15223
15 88 1.01055
15 89 1.19286
15 90 1.15017
15 91 0.968282
15 92 0.95879
15 93 0.533421
15 94 0.260461
15 95 1.44092
15 96 0.282681
15 97 1.17036
15 98 1.51914
15 99 0.933498
16 17 1.57096
16 18 0.992157
16 19 0.993446
16 20 0.182795
16 21 0.401304
16 22 1.22439
16 23 1.15546
16 24 0.937783
16 25 1.67986
16 26 2.13808
16 27 1.35143
16 28 1.33657
16 29 0.414413
16 30 1.3903
16 31 0.292983
16 32 1.04927
16 33 0.36248
16 34 0.168454
16 35 1.61027
16 36 2.17356
16 37 0.524888
16 38 0.931432
16 39 1.85717
16 40 0.829456
16 41 1.07815
16 42 1.13987
16 43 1.392
16 44 1.61977
16 45 0.502783
16 46 1.70469
16 47 1.25188
16 48 1.69405
16 49 1.30229
16 50 0.929595
16 51 1.64678
16 52 1.52556
16 53 0.849132
16 54 1.20579
16 55 1.81366
16 56 0.951639
16 57 0.782216
16 58 0.16325
16 59 1.09219
16 60 0.801625
16 61 0.548151
16 62 1.51903
16 63 0.606529
16 64 0.707349
16 65 1.36027
16 66 1.0151
16 67 1.56798
16 68 1.33879
16 69 1.32599
16 70 1.92738
16 71 0.6178
16 72 0.311003
16 73 1.28896
16 74 1.98995
16 75 1.41685
16 76 1.36186
16 77 1.19562
16 78 0.894809
16 79 1.54901
16 80 0.24727
16 81 1.846
16 82 0.195226
16 83 0.205434
16 84 1.19673
16 85 1.20026
16 86 1.40632
16 87 0.728126
16 88 0.0653204
16 89 1.15725
16 90 0.844459
16 91 1.37576
16 92 0.885868
16 93 0.68529
16 94 0.721025
16 95 1.32862
16 96 1.26076
16 97 1.40803
16 98 0.951615
16 99 1.09189
17 18 0.776043
17 19 1.41782
17 20 1.54418
17 21 1.32013
17 22 0.51475
17 23 0.4256
17 24 0.633428
17 25 1.09938
17 26 0.959637
17 27 0.293255
17 28 1.7533
17 29 1.2322
17 30 0.771661
17 31 1.61458
17 32 0.528915
17 33 1.66715
17 34 1.49018
17 35 1.26714
17 36 0.93395
17 37 1.27126
17 38 1.14678
17 39 0.307703
17 40 1.37506
17 41 1.10489
17 42 1.02294
17 43 0.901014
17 44 0.383794
17 45 1.70109
17 46 0.681462
17 47 1.43964
17 48 0.623045
17 49 1.03865
17 50 1.16461
17 51 0.299235
17 52 1.1664
17 53 0.747202
17 54 0.598275
17 55 0.89143
17 56 0.922315
17 57 1.2141
17 58 1.65411
17 59 1.67354
17 60 1.2152
17 61 1.69569
17 62 0.791803
17 63 1.32916
17 64 1.13501
17 65 1.78561
17 66 0.894426
17 67 0.139679
17 68 0.797348
17 69 0.907071
17 70 0.482914
17 71 1.72452
17 72 1.28806
17 73 0.913008
17 74 0.757559
17 75 0.747668
17 76 0.341765
17 77 0.476704
17 78 0.974952
17 79 0.928591
17 80 1.64661
17 81 0.549899
17 82 1.54728
17 83 1.48649
17 84 1.04896
17 85 0.378265
17 86 0.881226
17 87 0.929493
17 88 1.6362
17 89 0.430058
17 90 0.789834
17 91 0.487919
17 92 0.685239
17 93 1.04347
17 94 1.39618
17 95 0.412947
17 96 1.53267
17 97 0.243884
17 98 1.06283
17 99 0.521593
18 19 1.35832
18 20 0.898035
18 21 0.92906
18 22 0.783187
18 23 0.40574
18 24 0.389351
18 25 1.51854
18 26 1.65302
18 27 0.485956
18 28 1.76645
18 29 0.823378
18 30 1.12638
18 31 0.930463
18 32 0.493297
18 33 1.22779
18 34 0.859066
18 35 1.58989
18 36 1.64967
18 37 0.548628
18 38 1.10769
18 39 1.08177
18 40 1.23482
18 41 1.16817
18 42 1.14387
18 43 0.457416
18 44 0.666789
18 45 0.967128
18 46 0.71257
18 47 1.51342
18 48 1.22353
18 49 1.25961
18 50 1.12161
18 51 0.720951
18 52 1.47775
18 53 0.269671
18 54 0.227315
18 55 1.45765
18 56 0.15062
18 57 1.07008
18 58 1.01721
18 59 1.59077
18 60 1.08351
18 61 1.33656
18 62 0.54101
18 63 0.57561
18 64 0.941738
18 65 1.79912
18 66 0.147379
18 67 0.849464
18 68 1.10905
18 69 1.17992
18 70 1.24605
18 71 1.39049
18 72 0.681384
18 73 0.375018
18 74 1.45806
18 75 1.12779
18 76 0.782301
18 77 0.29958
18 78 0.923879
18 79 1.33365
18 80 0.97854
18 81 1.2589
18 82 1.05458
18 83 0.840795
18 84 1.20084
18 85 0.551008
18 86 1.21383
18 87 0.267238
18 88 1.05342
18 89 0.388747
18 90 0.199847
18 91 0.910551
18 92 0.413127
18 93 0.817868
18 94 1.19152
18 95 0.397814
18 96 1.5817
18 97 0.754533
18 98 0.297906
18 99 0.598393
19 20 1.14078
19 21 0.621154
19 22 0.903506
19 23 1.18367
19 24 1.01407
19 25 0.859212
19 26 1.48755
19 27 1.37787
19 28 0.410766
19 29 0.677861
19 30 0.777015
19 31 1.26629
19 32 0.999939
19 33 0.735285
19 34 1.08992
19 35 0.704905
19 36 1.55277
19 37 1.26778
19 38 0.276304
19 39 1.58608
19 40 0.16564
19 41 0.330761
19 42 0.429444
19 43 1.80832
19 44 1.68506
19 45 1.47329
19 46 1.9121
19 47 0.262493
19 48 1.14489
19 49 0.522721
19 50 0.258834
19 51 1.65192
19 52 0.659433
19 53 1.08956
19 54 1.45537
19 55 1.11974
19 56 1.43307
19 57 0.292984
19 58 1.15669
19 59 0.256587
19 60 0.277174
19 61 0.595936
19 62 1.84475
19 63 1.38788
19 64 0.42424
19 65 0.442722
19 66 1.47673
19 67 1.32809
19 68 0.722397
19 69 0.634099
19 70 1.52562
19 71 0.564921
19 72 1.01214
19 73 1.73293
19 74 1.41508
19 75 0.813482
19 76 1.0813
19 77 1.33835
19 78 0.466259
19 79 0.814923
19 80 1.23482
19 81 1.36501
19 82 0.808833
19 83 1.12314
19 84 0.438998
19 85 1.09984
19 86 0.714614
19 87 1.16381
19 88 1.02239
19 89 1.20141
19 90 1.16109
19 91 0.971893
19 92 0.968682
19 93 0.544738
19 94 0.272455
19 95 1.44949
19 96 0.27021
19 97 1.1757
19 98 1.53083
19 99 0.941041
20 21 0.525034
20 22 1.25062
20 23 1.12004
20 24 0.915528
20 25 1.77201
20 26 2.1854
20 27 1.30222
20 28 1.50034
20 29 0.503991
20 30 1.45623
20 31 0.125747
20 32 1.0402
20 33 0.545146
20 34 0.0615783
20 35 1.7221
20 36 2.21427
20 37 0.38093
20 38 1.04612
20 39 1.84082
20 40 0.975212
20 41 1.18745
20 42 1.2384
20 43 1.26572
20 44 1.55005
20 45 0.333785
20 46 1.60601
20 47 1.39374
20 48 1.73467
20 49 1.40092
20 50 1.04683
20 51 1.58718
20 52 1.63105
20 53 0.800966
20 54 1.12098
20 55 1.87733
20 56 0.834566
20 57 0.905118
20 58 0.119291
20 59 1.25873
20 60 0.925053
20 61 0.729552
20 62 1.40493
20 63 0.44302
20 64 0.812247
20 65 1.52531
20 66 0.897927
20 67 1.55747
20 68 1.40825
20 69 1.40885
20 70 1.93287
20 71 0.7992
20 72 0.258603
20 73 1.16134
20 74 2.02606
20 75 1.47962
20 76 1.37049
20 77 1.13349
20 78 0.980033
20 79 1.62882
20 80 0.113274
20 81 1.86874
20 82 0.370923
20 83 0.0585143
20 84 1.29817
20 85 1.18678
20 86 1.48486
20 87 0.647444
20 88 0.209126
20 89 1.11842
20 90 0.778082
20 91 1.40592
20 92 0.869551
20 93 0.76487
20 94 0.870682
20 95 1.26221
20 96 1.41055
20 97 1.40478
20 98 0.81287
20 99 1.09856
21 22 0.897468
21 23 0.943887
21 24 0.720671
21 25 1.28143
21 26 1.76916
21 27 1.15522
21 28 1.00162
21 29 0.105817
21 30 1.01044
21 31 0.650698
21 32 0.794243
21 33 0.347036
21 34 0.471201
21 35 1.20917
21 36 1.81122
21 37 0.672951
21 38 0.530235
21 39 1.57944
21 40 0.455947
21 41 0.676892
21 42 0.74072
21 43 1.38071
21 44 1.45467
21 45 0.854526
21 46 1.60453
21 47 0.869766
21 48 1.33659
21 49 0.902604
21 50 0.52876
21 51 1.45859
21 52 1.12436
21 53 0.700353
21 54 1.09935
21 55 1.43194
21 56 0.951456
21 57 0.382779
21 58 0.559717
21 59 0.77192
21 60 0.402488
21 61 0.410348
21 62 1.46712
21 63 0.789688
21 64 0.308827
21 65 1.02934
21 66 1.00794
21 67 1.28802
21 68 0.956425
21 69 0.933597
21 70 1.61321
21 71 0.461597
21 72 0.402358
21 73 1.28778
21 74 1.63427
21 75 1.0396
21 76 1.05711
21 77 1.03783
21 78 0.506419
21 79 1.15712
21 80 0.626212
21 81 1.50874
21 82 0.263576
21 83 0.503094
21 84 0.796532
21 85 0.942356
21 86 1.01619
21 87 0.676591
21 88 0.447432
21 89 0.952577
21 90 0.737256
21 91 1.03799
21 92 0.663334
21 93 0.313328
21 94 0.358641
21 95 1.17098
21 96 0.891302
21 97 1.12129
21 98 1.01132
21 99 0.804404
22 23 0.412607
22 24 0.421918
22 25 0.742246
22 26 0.945447
22 27 0.537478
22 28 1.24357
22 29 0.83043
22 30 0.351364
22 31 1.34889
22 32 0.292807
22 33 1.23586
22 34 1.19016
22 35 0.847087
22 36 0.966983
22 37 1.08817
22 38 0.634646
22 39 0.706752
22 40 0.86921
22 41 0.591474
22 42 0.514117
22 43 1.12668
22 44 0.818438
22 45 1.48806
22 46 1.0846
22 47 0.933892
22 48 0.491794
22 49 0.558315
22 50 0.652424
22 51 0.767846
22 52 0.736176
22 53 0.584143
22 54 0.743111
22 55 0.687719
22 56 0.923288
22 57 0.715848
22 58 1.34268
22 59 1.15892
22 60 0.714286
22 61 1.23112
22 62 1.09319
22 63 1.18293
22 64 0.65662
22 65 1.27623
22 66 0.930542
22 67 0.429519
22 68 0.347444
22 69 0.442293
22 70 0.715793
22 71 1.25048
22 72 0.997213
22 73 1.08959
22 74 0.776595
22 75 0.347526
22 76 0.180162
22 77 0.587815
22 78 0.47343
22 79 0.555678
22 80 1.36271
22 81 0.621666
22 82 1.1513
22 83 1.19875
22 84 0.547376
22 85 0.267822
22 86 0.450888
22 87 0.776662
22 88 1.28642
22 89 0.434275
22 90 0.66641
22 91 0.156321
22 92 0.435125
22 93 0.590175
22 94 0.901974
22 95 0.648482
22 96 1.02476
22 97 0.272225
22 98 1.06786
22 99 0.189812
23 24 0.224746
23 25 1.15349
23 26 1.24752
23 27 0.212192
23 28 1.56783
23 29 0.846925
23 30 0.763876
23 31 1.18898
23 32 0.183749
23 33 1.28654
23 34 1.06699
23 35 1.25637
23 36 1.24579
23 37 0.850208
23 38 0.909158
23 39 0.728836
23 40 1.09969
23 41 0.921473
23 42 0.868895
23 43 0.714389
23 44 0.519661
23 45 1.27901
23 46 0.7286
23 47 1.27812
23 48 0.81939
23 49 0.949947
23 50 0.92607
23 51 0.514929
23 52 1.14461
23 53 0.321609
23 54 0.330507
23 55 1.06007
23 56 0.555658
23 57 0.928563
23 58 1.23135
23 59 1.43663
23 60 0.935521
23 61 1.34183
23 62 0.69268
23 63 0.91604
23 64 0.822075
23 65 1.60112
23 66 0.54772
23 67 0.46366
23 68 0.758383
23 69 0.846634
23 70 0.860788
23 71 1.38037
23 72 0.86537
23 73 0.678066
23 74 1.0535
23 75 0.758399
23 76 0.378396
23 77 0.176581
23 78 0.717484
23 79 0.966787
23 80 1.22147
23 81 0.856714
23 82 1.14951
23 83 1.06212
23 84 0.915975
23 85 0.151798
23 86 0.862714
23 87 0.507753
23 88 1.22077
23 89 0.0217138
23 90 0.369034
23 91 0.517729
23 92 0.281604
23 93 0.709683
23 94 1.09279
23 95 0.266365
23 96 1.36041
23 97 0.350229
23 98 0.703394
23 99 0.261261
24 25 1.13784
24 26 1.35024
24 27 0.434727
24 28 1.41304
24 29 0.622634
24 30 0.748188
24 31 0.994444
24 32 0.138323
24 33 1.06216
24 34 0.859841
24 35 1.20101
24 36 1.36168
24 37 0.686672
24 38 0.748078
24 39 0.92555
24 40 0.91229
24 41 0.790248
24 42 0.758378
24 43 0.806348
24 44 0.735773
24 45 1.10532
24 46 0.914459
24 47 1.14241
24 48 0.901165
24 49 0.870358
24 50 0.763637
24 51 0.738169
24 52 1.089
24 53 0.162433
24 54 0.441428
24 55 1.1096
24 56 0.514906
24 57 0.741059
24 58 1.02288
24 59 1.26019
24 60 0.750763
24 61 1.12198
24 62 0.83071
24 63 0.771587
24 64 0.624305
24 65 1.4462
24 66 0.533257
24 67 0.642606
24 68 0.726007
24 69 0.792035
24 70 1.02613
24 71 1.1629
24 72 0.657598
24 73 0.743673
24 74 1.1681
24 75 0.753541
24 76 0.480246
24 77 0.333546
24 78 0.557175
24 79 0.95527
24 80 1.02115
24 81 0.987243
24 82 0.925208
24 83 0.85866
24 84 0.813917
24 85 0.272632
24 86 0.829898
24 87 0.358545
24 88 1.00306
24 89 0.232077
24 90 0.244951
24 91 0.568194
24 92 0.0573422
24 93 0.505246
24 94 0.892814
24 95 0.459718
24 96 1.21679
24 97 0.495774
24 98 0.654488
24 99 0.232579
25 26 0.673574
25 27 1.24579
25 28 0.948573
25 29 1.27191
25 30 0.392493
25 31 1.89071
25 32 1.0255
25 33 1.52961
25 34 1.71136
25 35 0.228101
25 36 0.752437
25 37 1.72669
25 38 0.763791
25 39 1.09326
25 40 0.958627
25 41 0.614464
25 42 0.540772
25 43 1.86499
25 44 1.47479
25 45 2.06941
25 46 1.76639
25 47 0.674599
25 48 0.521432
25 49 0.380135
25 50 0.770642
25 51 1.39776
25 52 0.205752
25 53 1.29195
25 54 1.48335
25 55 0.33001
25 56 1.65214
25 57 0.918972
25 58 1.83169
25 59 1.02524
25 60 0.90216
25 61 1.43015
25 62 1.81642
25 63 1.83723
25 64 0.972949
25 65 0.971196
25 66 1.66556
25 67 0.962401
25 68 0.41228
25 69 0.369851
25 70 0.922946
25 71 1.41173
25 72 1.55526
25 73 1.83141
25 74 0.672665
25 75 0.395103
25 76 0.815538
25 77 1.32656
25 78 0.791995
25 79 0.186705
25 80 1.88304
25 81 0.729746
25 82 1.53575
25 83 1.73293
25 84 0.487136
25 85 1.00447
25 86 0.310653
25 87 1.46501
25 88 1.72873
25 89 1.17502
25 90 1.37849
25 91 0.651729
25 92 1.13258
25 93 1.00724
25 94 1.05734
25 95 1.37063
25 96 0.758674
25 97 0.899133
25 98 1.79219
25 99 0.920569
26 27 1.22429
26 28 1.62178
26 29 1.72664
26 30 0.762893
26 31 2.28899
26 32 1.21224
26 33 2.07223
26 34 2.12414
26 35 0.897009
26 36 0.0873311
26 37 2.03122
26 38 1.32093
26 39 0.765779
26 40 1.55271
26 41 1.18704
26 42 1.09059
26 43 1.85873
26 44 1.32051
26 45 2.4333
26 46 1.61079
26 47 1.33806
26 48 0.453709
26 49 0.965821
26 50 1.33331
26 51 1.22253
26 52 0.873176
26 53 1.51038
26 54 1.5263
26 55 0.367963
26 56 1.80316
26 57 1.46538
26 58 2.26974
26 59 1.68269
26 60 1.45315
26 61 2.00963
26 62 1.75002
26 63 2.12142
26 64 1.47366
26 65 1.64471
26 66 1.79232
26 67 0.837414
26 68 0.819386
26 69 0.87214
26 70 0.526167
26 71 2.00469
26 72 1.93699
26 73 1.86277
26 74 0.202168
26 75 0.731401
26 76 0.877584
26 77 1.37892
26 78 1.26678
26 79 0.672632
26 80 2.29844
26 81 0.410146
26 82 2.03269
26 83 2.13592
26 84 1.05957
26 85 1.10829
26 86 0.785837
26 87 1.70856
26 88 2.19631
26 89 1.26427
26 90 1.58497
26 91 0.789692
26 92 1.37383
26 93 1.45917
26 94 1.63483
26 95 1.35642
26 96 1.42654
26 97 0.898985
26 98 1.95085
26 99 1.12298
27 28 1.7516
27 29 1.05729
27 30 0.872064
27 31 1.36096
27 32 0.385534
27 33 1.4967
27 34 1.25219
27 35 1.37721
27 36 1.20775
27 37 1.00143
27 38 1.10175
27 39 0.596268
27 40 1.30257
27 41 1.09869
27 42 1.03569
27 43 0.643817
27 44 0.310525
27 45 1.43067
27 46 0.548892
27 47 1.45283
27 48 0.83691
27 49 1.09538
27 50 1.11909
27 51 0.303442
27 52 1.26813
27 53 0.503603
27 54 0.307448
27 55 1.0979
27 56 0.630226
27 57 1.13238
27 58 1.41673
27 59 1.63293
27 60 1.13822
27 61 1.55401
27 62 0.571474
27 63 1.04977
27 64 1.03004
27 65 1.7848
27 66 0.601196
27 67 0.389117
27 68 0.879185
27 69 0.978836
27 70 0.773262
27 71 1.59247
27 72 1.05307
27 73 0.638954
27 74 1.02311
27 75 0.858571
27 76 0.43056
27 77 0.186955
27 78 0.912621
27 79 1.06198
27 80 1.39871
27 81 0.816259
27 82 1.35576
27 83 1.24377
27 84 1.07653
27 85 0.283255
27 86 0.978691
27 87 0.665272
27 88 1.41654
27 89 0.202667
27 90 0.527445
27 91 0.594164
27 92 0.492011
27 93 0.919899
27 94 1.30056
27 95 0.133776
27 96 1.53905
27 97 0.356199
27 98 0.769728
27 99 0.437743
28 29 1.07222
28 30 1.02866
28 31 1.62337
28 32 1.38503
28 33 1.02111
28 34 1.45527
28 35 0.731847
28 36 1.69909
28 37 1.66589
28 38 0.664979
28 39 1.87836
28 40 0.558182
28 41 0.654664
28 42 0.730493
28 43 2.21358
28 44 2.0524
28 45 1.83375
28 46 2.29488
28 47 0.317984
28 48 1.36908
28 49 0.74167
28 50 0.649451
28 51 2.00956
28 52 0.750119
28 53 1.49708
28 54 1.85401
28 55 1.26583
28 56 1.84364
28 57 0.70367
28 58 1.49676
28 59 0.247335
28 60 0.687927
28 61 0.842001
28 62 2.24248
28 63 1.78513
28 64 0.83492
28 65 0.0333014
28 66 1.88677
28 67 1.64744
28 68 0.984465
28 69 0.876863
28 70 1.77672
28 71 0.784981
28 72 1.40228
28 73 2.14042
28 74 1.59796
28 75 1.06271
28 76 1.41154
28 77 1.72981
28 78 0.856683
28 79 0.985103
28 80 1.5836
28 81 1.59696
28 82 1.14252
28 83 1.49104
28 84 0.706984
28 85 1.46899
28 86 0.936263
28 87 1.57453
28 88 1.35317
28 89 1.58677
28 90 1.57023
28 91 1.27761
28 92 1.37052
28 93 0.955383
28 94 0.64347
28 95 1.83404
28 96 0.222119
28 97 1.50965
28 98 1.94135
28 99 1.31478
29 30 0.975999
29 31 0.626786
29 32 0.703918
29 33 0.439618
29 34 0.445056
29 35 1.21829
29 36 1.76449
29 37 0.593744
29 38 0.544467
29 39 1.49879
29 40 0.516563
29 41 0.683744
29 42 0.73531
29 43 1.27561
29 44 1.35419
29 45 0.821196
29 46 1.4998
29 47 0.91436
29 48 1.28633
29 49 0.898029
29 50 0.546464
29 51 1.36072
29 52 1.12717
29 53 0.595585
29 54 0.994135
29 55 1.39934
29 56 0.848155
29 57 0.411515
29 58 0.560294
29 59 0.85077
29 60 0.431468
29 61 0.515793
29 62 1.36131
29 63 0.712912
29 64 0.308772
29 65 1.10124
29 66 0.903953
29 67 1.20699
29 68 0.924374
29 69 0.913582
29 70 1.54387
29 71 0.567404
29 72 0.334614
29 73 1.18321
29 74 1.58344
29 75 1.00285
29 76 0.982521
29 77 0.935325
29 78 0.482191
29 79 1.13602
29 80 0.612818
29 81 1.44845
29 82 0.321801
29 83 0.471463
29 84 0.794567
29 85 0.853942
29 86 0.992892
29 87 0.572336
29 88 0.47027
29 89 0.854692
29 90 0.631465
29 91 0.97655
29 92 0.565453
29 93 0.27089
29 94 0.430982
29 95 1.06896
29 96 0.945493
29 97 1.04139
29 98 0.912404
29 99 0.722521
30 31 1.56813
30 32 0.633167
30 33 1.30939
30 34 1.39468
30 35 0.506037
30 36 0.812658
30 37 1.36468
30 38 0.568188
30 39 0.851781
30 40 0.809622
30 41 0.450572
30 42 0.350119
30 43 1.47751
30 44 1.12635
30 45 1.73246
30 46 1.4086
30 47 0.711213
30 48 0.369009
30 49 0.287093
30 50 0.58233
30 51 1.05989
30 52 0.399244
30 53 0.904945
30 54 1.09433
30 55 0.423361
30 56 1.26127
30 57 0.705916
30 58 1.53049
30 59 1.00953
30 60 0.694958
30 61 1.25257
30 62 1.43789
30 63 1.47038
30 64 0.7112
30 65 1.05881
30 66 1.27352
30 67 0.646584
30 68 0.0576596
30 69 0.152036
30 70 0.755137
30 71 1.25249
30 72 1.22108
30 73 1.44087
30 74 0.652204
30 75 0.0364679
30 76 0.450428
30 77 0.938537
30 78 0.505151
30 79 0.207402
30 80 1.56932
30 81 0.588242
30 82 1.27383
30 83 1.41128
30 84 0.340491
30 85 0.617015
30 86 0.109867
30 87 1.08436
30 88 1.4459
30 89 0.78552
30 90 0.990907
30 91 0.287364
30 92 0.746608
30 93 0.705427
30 94 0.881637
30 95 0.991457
30 96 0.807676
30 97 0.544083
30 98 1.40256
30 99 0.528169
31 32 1.1242
31 33 0.651669
31 34 0.181815
31 35 1.84502
31 36 2.31516
31 37 0.386473
31 38 1.17019
31 39 1.91556
31 40 1.10076
31 41 1.31053
31 42 1.35942
31 43 1.26415
31 44 1.59317
31 45 0.210747
31 46 1.62665
31 47 1.51948
31 48 1.83667
31 49 1.52166
31 50 1.17121
31 51 1.63701
31 52 1.75288
31 53 0.867424
31 54 1.15709
31 55 1.98747
31 56 0.848423
31 57 1.03024
31 58 0.160131
31 59 1.38076
31 60 1.0502
31 61 0.839763
31 62 1.4137
31 63 0.414131
31 64 0.935492
31 65 1.64796
31 66 0.910345
31 67 1.63668
31 68 1.52139
31 69 1.52581
31 70 2.01862
31 71 0.909309
31 72 0.352058
31 73 1.15954
31 74 2.12546
31 75 1.59043
31 76 1.46026
31 77 1.18563
31 78 1.09893
31 79 1.74448
31 80 0.0663845
31 81 1.96278
31 82 0.487282
31 83 0.157836
31 84 1.41966
31 85 1.26706
31 86 1.60045
31 87 0.6968
31 88 0.299775
31 89 1.18538
31 90 0.833522
31 91 1.50495
31 92 0.952251
31 93 0.883661
31 94 0.995869
31 95 1.31
31 96 1.53595
31 97 1.4886
31 98 0.804764
31 99 1.18946
32 33 1.1408
32 34 0.982921
32 35 1.10635
32 36 1.22335
32 37 0.824494
32 38 0.725451
32 39 0.807899
32 40 0.917987
32 41 0.741513
32 42 0.694027
32 43 0.869915
32 44 0.696055
32 45 1.24104
32 46 0.912328
32 47 1.09815
32 48 0.764087
32 49 0.78698
32 50 0.74234
32 51 0.680312
32 52 0.993979
32 53 0.29855
32 54 0.488054
32 55 0.977984
32 56 0.630951
32 57 0.747339
32 58 1.14415
32 59 1.25308
32 60 0.753658
32 61 1.18104
32 62 0.866553
32 63 0.909876
32 64 0.644884
32 65 1.41833
32 66 0.640552
32 67 0.519415
32 68 0.617515
32 69 0.694563
32 70 0.89442
32 71 1.21564
32 72 0.781595
32 73 0.820241
32 74 1.02978
32 75 0.634637
32 76 0.342516
32 77 0.347895
32 78 0.533736
32 79 0.840382
32 80 1.14795
32 81 0.849733
32 82 1.01841
32 83 0.984295
32 84 0.744128
32 85 0.151697
32 86 0.722612
32 87 0.496322
32 88 1.11416
32 89 0.201937
32 90 0.376921
32 91 0.433153
32 92 0.172044
32 93 0.537267
32 94 0.915219
32 95 0.449921
32 96 1.17905
32 97 0.364755
32 98 0.775105
32 99 0.105109
33 34 0.522271
33 35 1.41719
33 36 2.12058
33 37 0.849867
33 38 0.768319
33 39 1.92484
33 40 0.588599
33 41 0.916107
33 42 0.999695
33 43 1.66375
33 44 1.7917
33 45 0.857681
33 46 1.92465
33 47 0.996791
33 48 1.65403
33 49 1.15219
33 50 0.759965
33 51 1.80008
33 52 1.34994
33 53 1.02453
33 54 1.41708
33 55 1.72155
33 56 1.22257
33 57 0.614769
33 58 0.502318
33 59 0.773806
33 60 0.62999
33 61 0.190599
33 62 1.76858
33 63 0.947465
33 64 0.601294
33 65 1.04109
33 66 1.28361
33 67 1.63378
33 68 1.25286
33 69 1.21094
33 70 1.9509
33 71 0.259219
33 72 0.587202
33 73 1.56502
33 74 1.95053
33 75 1.34148
33 76 1.40004
33 77 1.37014
33 78 0.808836
33 79 1.43072
33 80 0.598289
33 81 1.83755
33 82 0.19023
33 83 0.56099
33 84 1.04589
33 85 1.28931
33 86 1.29695
33 87 0.962905
33 88 0.35465
33 89 1.29417
33 90 1.04832
33 91 1.37057
33 92 1.00502
33 93 0.645751
33 94 0.480046
33 95 1.50449
33 96 0.984368
33 97 1.46676
33 98 1.25261
33 99 1.15088
34 35 1.66334
34 36 2.15329
34 37 0.361584
34 38 0.988392
34 39 1.78539
34 40 0.924277
34 41 1.12879
34 42 1.17853
34 43 1.23983
34 44 1.50517
34 45 0.383527
34 46 1.56977
34 47 1.3409
34 48 1.67361
34 49 1.34093
34 50 0.989492
34 51 1.53984
34 52 1.5716
34 53 0.749541
34 54 1.07965
34 55 1.81575
34 56 0.803871
34 57 0.849048
34 58 0.164603
34 59 1.21545
34 60 0.869025
34 61 0.701549
34 62 1.37409
34 63 0.438342
34 64 0.753711
34 65 1.48085
34 66 0.867453
34 67 1.501
34 68 1.34674
34 69 1.34779
34 70 1.87463
34 71 0.770922
34 72 0.202287
34 73 1.13592
34 74 1.96529
34 75 1.41805
34 76 1.31158
34 77 1.0861
34 78 0.919363
34 79 1.56757
34 80 0.174828
34 81 1.80883
34 82 0.339769
34 83 0.0388252
34 84 1.23852
34 85 1.13032
34 86 1.42358
34 87 0.603262
34 88 0.212262
34 89 1.066
34 90 0.730703
34 91 1.3453
34 92 0.812884
34 93 0.704127
34 94 0.821318
34 95 1.21609
34 96 1.36001
34 97 1.34723
34 98 0.79231
34 99 1.03957
35 36 0.977657
35 37 1.72644
35 38 0.678952
35 39 1.29514
35 40 0.830288
35 41 0.534668
35 42 0.493864
35 43 1.97008
35 44 1.63044
35 45 2.03533
35 46 1.91446
35 47 0.483778
35 48 0.729564
35 49 0.341742
35 50 0.680759
35 51 1.56074
35 52 0.112381
35 53 1.34359
35 54 1.58562
35 55 0.557967
35 56 1.7129
35 57 0.829254
35 58 1.76847
35 59 0.834496
35 60 0.810325
35 61 1.29664
35 62 1.93994
35 63 1.84217
35 64 0.90988
35 65 0.752433
35 66 1.73423
35 67 1.13517
35 68 0.499782
35 69 0.41181
35 70 1.13912
35 71 1.26937
35 72 1.52666
35 73 1.926
35 74 0.90038
35 75 0.523657
35 76 0.955965
35 77 1.4328
35 78 0.76146
35 79 0.344026
35 80 1.82953
35 81 0.947029
35 82 1.44953
35 83 1.68896
35 84 0.43126
35 85 1.11488
35 86 0.398526
35 87 1.49874
35 88 1.65312
35 89 1.27807
35 90 1.43025
35 91 0.791684
35 92 1.18507
35 93 0.970572
35 94 0.937217
35 95 1.49424
35 96 0.557338
35 97 1.04799
35 98 1.84588
35 99 1.00504
36 37 2.04632
36 38 1.37664
36 39 0.718408
36 40 1.61186
36 41 1.24635
36 42 1.1485
36 43 1.83496
36 44 1.28425
36 45 2.45394
36 46 1.57046
36 47 1.4113
36 48 0.480062
36 49 1.0301
36 50 1.38964
36 51 1.18518
36 52 0.9493
36 53 1.51987
36 54 1.51279
36 55 0.437334
36 56 1.80023
36 57 1.51818
36 58 2.30163
36 59 1.75344
36 60 1.50671
36 61 2.06416
36 62 1.71962
36 63 2.13313
36 64 1.52016
36 65 1.72259
36 66 1.78635
36 67 0.818726
36 68 0.869945
36 69 0.930154
36 70 0.478927
36 71 2.06152
36 72 1.96318
36 73 1.84378
36 74 0.193722
36 75 0.779582
36 76 0.883756
36 77 1.36904
36 78 1.31263
36 79 0.738968
36 80 2.32697
36 81 0.392543
36 82 2.07437
36 83 2.16364
36 84 1.12069
36 85 1.11142
36 86 0.844673
36 87 1.7187
36 88 2.23284
36 89 1.26154
36 90 1.59185
36 91 0.810674
36 92 1.38851
36 93 1.49942
36 94 1.6909
36 95 1.33817
36 96 1.50099
36 97 0.895603
36 98 1.94747
36 99 1.13842
37 38 1.0945
37 39 1.57762
37 40 1.10914
37 41 1.21171
37 42 1.23342
37 43 0.885731
37 44 1.21485
37 45 0.429986
37 46 1.24019
37 47 1.4919
37 48 1.57869
37 49 1.38648
37 50 1.10135
37 51 1.26437
37 52 1.62286
37 53 0.536036
37 54 0.775943
37 55 1.76477
37 56 0.462146
37 57 0.987099
37 58 0.496963
37 59 1.44295
37 60 1.00619
37 61 1.00975
37 62 1.02956
37 63 0.12041
37 64 0.864264
37 65 1.69498
37 66 0.524409
37 67 1.31154
37 68 1.32688
37 69 1.35736
37 70 1.70493
37 71 1.0761
37 72 0.275448
37 73 0.781189
37 74 1.85309
37 75 1.38007
37 76 1.16689
37 77 0.819424
37 78 0.966801
37 79 1.5603
37 80 0.440571
37 81 1.6739
37 82 0.659638
37 83 0.331324
37 84 1.29626
37 85 0.952108
37 86 1.41974
37 87 0.342464
37 88 0.573724
37 89 0.842784
37 90 0.481732
37 91 1.2424
37 92 0.657866
37 93 0.769459
37 94 1.02431
37 95 0.937464
37 96 1.53179
37 97 1.17753
37 98 0.432099
37 99 0.908454
38 39 1.32963
38 40 0.245802
38 41 0.149637
38 42 0.232891
38 43 1.55027
38 44 1.40876
38 45 1.36554
38 46 1.63776
38 47 0.411482
38 48 0.933665
38 49 0.384472
38 50 0.0178359
38 51 1.3761
38 52 0.595753
38 53 0.838104
38 54 1.18906
38 55 0.96138
38 56 1.19533
38 57 0.155198
38 58 1.08957
38 59 0.532397
38 60 0.138579
38 61 0.688856
38 62 1.57771
38 63 1.21428
38 64 0.236988
38 65 0.698156
38 66 1.23402
38 67 1.06288
38 68 0.510583
38 69 0.449474
38 70 1.28949
38 71 0.68503
38 72 0.866664
38 73 1.47968
38 74 1.22038
38 75 0.603446
38 76 0.814195
38 77 1.0669
38 78 0.192463
38 79 0.664489
38 80 1.15207
38 81 1.14244
38 82 0.77535
38 83 1.01578
38 84 0.277762
38 85 0.823556
38 86 0.536102
38 87 0.936833
38 88 0.975297
38 89 0.927275
38 90 0.915072
38 91 0.717904
38 92 0.706218
38 93 0.32714
38 94 0.314265
38 95 1.17535
38 96 0.474157
38 97 0.906442
38 98 1.30469
38 99 0.664749
39 40 1.57056
39 41 1.2582
39 42 1.16485
39 43 1.1586
39 44 0.578542
39 45 2.00715
39 46 0.855068
39 47 1.56039
39 48 0.572193
39 49 1.13833
39 50 1.34703
39 51 0.478514
39 52 1.20973
39 53 1.04964
39 54 0.894118
39 55 0.815854
39 56 1.22643
39 57 1.42175
39 58 1.94833
39 59 1.83515
39 60 1.41937
39 61 1.93427
39 62 1.02348
39 63 1.6368
39 64 1.3616
39 65 1.90905
39 66 1.19559
39 67 0.291803
39 68 0.893935
39 69 1.00243
39 70 0.239984
39 71 1.95603
39 72 1.58313
39 73 1.18607
39 74 0.576239
39 75 0.81937
39 76 0.530148
39 77 0.7822
39 78 1.17942
39 79 0.952894
39 80 1.94531
39 81 0.396328
39 82 1.81878
39 83 1.78368
39 84 1.17578
39 85 0.657127
39 86 0.952006
39 87 1.23541
39 88 1.92205
39 89 0.735044
39 90 1.09591
39 91 0.614198
39 92 0.973777
39 93 1.28518
39 94 1.60829
39 95 0.705009
39 96 1.65652
39 97 0.458154
39 98 1.36463
39 99 0.77628
40 41 0.365705
40 42 0.463597
40 43 1.68971
40 44 1.61276
40 45 1.30765
40 46 1.82315
40 47 0.422724
40 48 1.17711
40 49 0.593727
40 50 0.229782
40 51 1.58848
40 52 0.769226
40 53 0.969485
40 54 1.34967
40 55 1.18851
40 56 1.29912
40 57 0.171578
40 58 0.992687
40 59 0.356305
40 60 0.164359
40 61 0.47162
40 62 1.73824
40 63 1.22883
40 64 0.293487
40 65 0.588287
40 66 1.34598
40 67 1.29873
40 68 0.752331
40 69 0.681715
40 70 1.53515
40 71 0.455391
40 72 0.849763
40 73 1.60968
40 74 1.46074
40 75 0.845405
40 76 1.04937
40 77 1.24358
40 78 0.400259
40 79 0.885712
40 80 1.0698
40 81 1.38779
40 82 0.647324
40 83 0.957543
40 84 0.493965
40 85 1.03349
40 86 0.76736
40 87 1.02546
40 88 0.860191
40 89 1.11574
40 90 1.03547
40 91 0.961347
40 92 0.862524
40 93 0.417463
40 94 0.110997
40 95 1.36194
40 96 0.435783
40 97 1.13858
40 98 1.38945
40 99 0.873591
41 42 0.100453
41 43 1.59627
41 44 1.39788
41 45 1.50236
41 46 1.64452
41 47 0.356704
41 48 0.819578
41 49 0.236147
41 50 0.156262
41 51 1.35526
41 52 0.447514
41 53 0.902
41 54 1.22327
41 55 0.823488
41 56 1.26906
41 57 0.30477
41 58 1.23501
41 59 0.576997
41 60 0.287719
41 61 0.828209
41 62 1.60719
41 63 1.33016
41 64 0.375215
41 65 0.687665
41 66 1.30222
41 67 1.00711
41 68 0.394562
41 69 0.316394
41 70 1.19507
41 71 0.81877
41 72 0.997084
41 73 1.53304
41 74 1.09784
41 75 0.486922
41 76 0.764245
41 77 1.08929
41 78 0.253171
41 79 0.522327
41 80 1.29493
41 81 1.03671
41 82 0.924636
41 83 1.15477
41 84 0.130793
41 85 0.815574
41 86 0.401715
41 87 1.02386
41 88 1.12323
41 89 0.941278
41 90 0.984066
41 91 0.644775
41 92 0.756547
41 93 0.443973
41 94 0.451796
41 95 1.18629
41 96 0.44041
41 97 0.861093
41 98 1.38772
41 99 0.663937
42 43 1.55949
42 44 1.32907
42 45 1.54542
42 46 1.58401
42 47 0.419967
42 48 0.719125
42 49 0.162771
42 50 0.243798
42 51 1.28172
42 52 0.394801
42 53 0.883124
42 54 1.18108
42 55 0.729141
42 56 1.25354
42 57 0.384931
42 58 1.29329
42 59 0.671323
42 60 0.36999
42 61 0.920725
42 62 1.55994
42 63 1.34987
42 64 0.432555
42 65 0.762933
42 66 1.28239
42 67 0.919966
42 68 0.294187
42 69 0.218519
42 70 1.09627
42 71 0.914106
42 72 1.03445
42 73 1.50147
42 74 0.998082
42 75 0.386473
42 76 0.681212
42 77 1.04093
42 78 0.2676
42 79 0.431685
42 80 1.34805
42 81 0.936567
42 82 0.995571
42 83 1.20226
42 84 0.062844
42 85 0.752844
42 86 0.304774
42 87 1.02073
42 88 1.1881
42 89 0.889454
42 90 0.967753
42 91 0.553508
42 92 0.730821
42 93 0.478626
42 94 0.54479
42 95 1.13041
42 96 0.510757
42 97 0.779201
42 98 1.37851
42 99 0.608056
43 44 0.593705
43 45 1.23429
43 46 0.433462
43 47 1.94867
43 48 1.48063
43 49 1.65672
43 50 1.5651
43 51 0.689217
43 52 1.85808
43 53 0.720357
43 54 0.384458
43 55 1.74014
43 56 0.442747
43 57 1.52315
43 58 1.38263
43 59 2.04498
43 60 1.5358
43 61 1.7844
43 62 0.181517
43 63 0.854683
43 64 1.39625
43 65 2.24652
43 66 0.38053
43 67 1.02207
43 68 1.47275
43 69 1.55928
43 70 1.37506
43 71 1.84068
43 72 1.09071
43 73 0.104662
43 74 1.6566
43 75 1.47051
43 76 1.06196
43 77 0.538972
43 78 1.36159
43 79 1.67851
43 80 1.32292
43 81 1.44861
43 82 1.48284
43 83 1.21352
43 84 1.61207
43 85 0.860825
43 86 1.5771
43 87 0.705562
43 88 1.44793
43 89 0.692678
43 90 0.657024
43 91 1.2186
43 92 0.844369
43 93 1.27226
43 94 1.64869
43 95 0.510213
43 96 2.02191
43 97 0.997617
43 98 0.46002
43 99 0.966993
44 45 1.63283
44 46 0.297832
44 47 1.74862
44 48 1.00682
44 49 1.37328
44 50 1.42624
44 51 0.100056
44 52 1.52548
44 53 0.775229
44 54 0.440059
44 55 1.27519
44 56 0.781063
44 57 1.44277
44 58 1.66784
44 59 1.94076
44 60 1.44843
44 61 1.85775
44 62 0.446182
44 63 1.23903
44 64 1.34035
44 65 2.08546
44 66 0.731944
44 67 0.523296
44 68 1.14315
44 69 1.24889
44 70 0.809063
44 71 1.8982
44 72 1.31285
44 73 0.639316
44 74 1.12076
44 75 1.10683
44 76 0.676549
44 77 0.425503
44 78 1.22104
44 79 1.29872
44 80 1.63795
44 81 0.91701
44 82 1.64224
44 83 1.49175
44 84 1.36543
44 85 0.585543
44 86 1.23591
44 87 0.902617
44 88 1.68399
44 89 0.507143
44 90 0.77614
44 91 0.839178
44 92 0.792915
44 93 1.22925
44 94 1.61095
44 95 0.291344
44 96 1.83711
44 97 0.582525
44 98 0.893745
44 99 0.744045
45 46 1.6278
45 47 1.72429
45 48 1.9796
45 49 1.70644
45 50 1.36766
45 51 1.68762
45 52 1.94012
45 53 0.961583
45 54 1.19283
45 55 2.1464
45 56 0.858103
45 57 1.22997
45 58 0.356409
45 59 1.59143
45 60 1.24998
45 61 1.04706
45 62 1.39818
45 63 0.395345
45 64 1.1291
45 65 1.85848
45 66 0.914821
45 67 1.73858
45 68 1.68856
45 69 1.7014
45 70 2.12961
45 71 1.1164
45 72 0.51425
45 73 1.13182
45 74 2.26196
45 75 1.75236
45 76 1.58283
45 77 1.24746
45 78 1.28093
45 79 1.91631
45 80 0.259406
45 81 2.08967
45 82 0.697626
45 83 0.351842
45 84 1.60671
45 85 1.37518
45 86 1.77267
45 87 0.771748
45 88 0.503219
45 89 1.27213
45 90 0.911318
45 91 1.6442
45 92 1.0704
45 93 1.06693
45 94 1.20398
45 95 1.36203
45 96 1.7433
45 97 1.6002
45 98 0.780002
45 99 1.31725
46 47 1.9999
46 48 1.3045
46 49 1.64291
46 50 1.65467
46 51 0.390501
46 52 1.80748
46 53 0.904228
46 54 0.507569
46 55 1.57289
46 56 0.77854
46 57 1.65157
46 58 1.72527
46 59 2.16433
46 60 1.65979
46 61 2.01456
46 62 0.252054
46 63 1.23538
46 64 1.53829
46 65 2.32816
46 66 0.71759
46 67 0.820787
46 68 1.42093
46 69 1.52356
46 70 1.09211
46 71 2.06193
46 72 1.39381
46 73 0.518047
46 74 1.4127
46 75 1.39138
46 76 0.958566
46 77 0.580942
46 78 1.44602
46 79 1.58779
46 80 1.67953
46 81 1.21109
46 82 1.75906
46 83 1.54968
46 84 1.62541
46 85 0.831173
46 86 1.51726
46 87 0.977718
46 88 1.76597
46 89 0.710691
46 90 0.876758
46 91 1.12329
46 92 0.967977
46 93 1.41969
46 94 1.80727
46 95 0.462618
46 96 2.0848
46 97 0.868713
46 98 0.850023
46 99 0.980735
47 48 1.05694
47 49 0.424601
47 50 0.400308
47 51 1.70164
47 52 0.469025
47 53 1.24465
47 54 1.57845
47 55 0.974256
47 56 1.60559
47 57 0.505657
47 58 1.41506
47 59 0.351985
47 60 0.486224
47 61 0.85037
47 62 1.9634
47 63 1.61227
47 64 0.628318
47 65 0.348935
47 66 1.64285
47 67 1.33126
47 68 0.666513
47 69 0.559266
47 70 1.46174
47 71 0.812762
47 72 1.24797
47 73 1.88243
47 74 1.29727
47 75 0.745572
47 76 1.09808
47 77 1.44585
47 78 0.589557
47 79 0.681586
47 80 1.49077
47 81 1.28448
47 82 1.06973
47 83 1.37276
47 84 0.390963
47 85 1.16958
47 86 0.621132
47 87 1.34831
47 88 1.28284
47 89 1.29796
47 90 1.32365
47 91 0.960875
47 92 1.10554
47 93 0.734509
47 94 0.532671
47 95 1.54266
47 96 0.0964902
47 97 1.19655
47 98 1.71616
47 99 1.01993
48 49 0.637311
48 50 0.94849
48 51 0.919292
48 52 0.653417
48 53 1.06261
48 54 1.1223
48 55 0.268392
48 56 1.37185
48 57 1.0647
48 58 1.82157
48 59 1.37213
48 60 1.0554
48 61 1.61117
48 62 1.39758
48 63 1.6707
48 64 1.05284
48 65 1.39731
48 66 1.36701
48 67 0.483843
48 68 0.425478
48 69 0.512112
48 70 0.413312
48 71 1.61492
48 72 1.48462
48 73 1.46959
48 74 0.29768
48 75 0.3327
48 76 0.441279
48 77 0.967767
48 78 0.84563
48 79 0.395516
48 80 1.84749
48 81 0.22789
48 82 1.5989
48 83 1.68442
48 84 0.706443
48 85 0.672738
48 86 0.438022
48 87 1.25966
48 88 1.75369
48 89 0.838015
48 90 1.13981
48 91 0.336362
48 92 0.92219
48 93 1.02365
48 94 1.24493
48 95 0.970419
48 96 1.15276
48 97 0.485283
48 98 1.51952
48 99 0.671497
49 50 0.392234
49 51 1.31577
49 52 0.236434
49 53 1.00735
49 54 1.2736
49 55 0.598653
49 56 1.37787
49 57 0.539457
49 58 1.45602
49 59 0.736379
49 60 0.523041
49 61 1.06173
49 62 1.64182
49 63 1.50154
49 64 0.594951
49 65 0.771733
49 66 1.40204
49 67 0.921425
49 68 0.245923
49 69 0.135969
49 70 1.03793
49 71 1.04907
49 72 1.19441
49 73 1.60593
49 74 0.895046
49 75 0.32106
49 76 0.702184
49 77 1.12588
49 78 0.426031
49 79 0.293841
49 80 1.51072
49 81 0.863556
49 82 1.15572
49 83 1.36435
49 84 0.107031
49 85 0.818854
49 86 0.199292
49 87 1.15801
49 88 1.35004
49 89 0.971333
49 90 1.09359
49 91 0.551617
49 92 0.850254
49 93 0.63956
49 94 0.685849
49 95 1.20186
49 96 0.521091
49 97 0.800364
49 98 1.50833
49 99 0.690781
50 51 1.39378
50 52 0.599677
50 53 0.851962
50 54 1.20478
50 55 0.972874
50 56 1.20798
50 57 0.149721
50 58 1.08843
50 59 0.514783
50 60 0.131915
50 61 0.677006
50 62 1.59357
50 63 1.22129
50 64 0.240727
50 65 0.682587
50 66 1.24718
50 67 1.08059
50 68 0.524785
50 69 0.4614
50 70 1.30591
50 71 0.671882
50 72 0.87086
50 73 1.49398
50 74 1.23441
50 75 0.617751
50 76 0.831939
50 77 1.08331
50 78 0.208963
50 79 0.674806
50 80 1.15212
50 81 1.15807
50 82 0.771118
50 83 1.01737
50 84 0.286046
50 85 0.841106
50 86 0.547965
50 87 0.948259
50 88 0.972553
50 89 0.944113
50 90 0.928395
50 91 0.73507
50 92 0.721292
50 93 0.335772
50 94 0.301518
50 95 1.19221
50 96 0.460783
50 97 0.924245
50 98 1.3163
50 99 0.682212
51 52 1.45779
51 53 0.79779
51 54 0.498953
51 55 1.18726
51 56 0.845095
51 57 1.42034
51 58 1.7037
51 59 1.90839
51 60 1.42468
51 61 1.85625
51 62 0.545642
51 63 1.29645
51 64 1.32401
51 65 2.04242
51 66 0.800043
51 67 0.438446
51 68 1.08046
51 69 1.18817
51 70 0.70934
51 71 1.89362
51 72 1.34378
51 73 0.729541
51 74 1.02339
51 75 1.03831
51 76 0.614115
51 77 0.453768
51 78 1.192
51 79 1.22494
51 80 1.67901
51 81 0.820802
51 82 1.65766
51 83 1.52869
51 84 1.31463
51 85 0.555035
51 86 1.16975
51 87 0.94144
51 88 1.71158
51 89 0.5061
51 90 0.809251
51 91 0.772797
51 92 0.795447
51 93 1.21752
51 94 1.59345
51 95 0.327231
51 96 1.79195
51 97 0.517012
51 98 0.965453
51 99 0.715008
52 53 1.23238
52 54 1.47363
52 55 0.516029
52 56 1.60133
52 57 0.749375
52 58 1.68183
52 59 0.819491
52 60 0.731206
52 61 1.24015
52 62 1.82932
52 63 1.73774
52 64 0.820439
52 65 0.774321
52 66 1.62225
52 67 1.03663
52 68 0.389389
52 69 0.299453
52 70 1.06642
52 71 1.21799
52 72 1.42919
52 73 1.81368
52 74 0.852148
52 75 0.419485
52 76 0.849654
52 77 1.3211
52 78 0.66137
52 79 0.258462
52 80 1.73978
52 81 0.876941
52 82 1.37078
52 83 1.59605
52 84 0.333473
52 85 1.00384
52 86 0.290225
52 87 1.38946
52 88 1.57069
52 89 1.1663
52 90 1.31912
52 91 0.686317
52 92 1.07363
52 93 0.873424
52 94 0.87226
52 95 1.38399
52 96 0.554356
52 97 0.943042
52 98 1.73489
52 99 0.892742
53 54 0.399763
53 55 1.27186
53 56 0.370884
53 57 0.802874
53 58 0.914145
53 59 1.32462
53 60 0.815752
53 61 1.11053
53 62 0.777838
53 63 0.614053
53 64 0.675999
53 65 1.5298
53 66 0.400297
53 67 0.777025
53 68 0.879678
53 69 0.939009
53 70 1.16901
53 71 1.15905
53 72 0.549605
53 73 0.643444
53 74 1.32616
53 75 0.912001
53 76 0.636434
53 77 0.349775
53 78 0.655355
53 79 1.11124
53 80 0.900727
53 81 1.14148
53 82 0.868198
53 83 0.742739
53 84 0.941801
53 85 0.416403
53 86 0.982311
53 87 0.198937
53 88 0.914046
53 89 0.31821
53 90 0.0868957
53 91 0.730449
53 92 0.159662
53 93 0.552027
53 94 0.932049
53 95 0.48437
53 96 1.31218
53 97 0.641743
53 98 0.502766
53 99 0.394998
54 55 1.37447
54 56 0.346612
54 57 1.1793
54 58 1.23983
54 59 1.70019
54 60 1.1899
54 61 1.50969
54 62 0.389419
54 63 0.799472
54 64 1.0583
54 65 1.8872
54 66 0.305555
54 67 0.695288
54 68 1.08855
54 69 1.17488
54 70 1.08019
54 71 1.55875
54 72 0.895106
54 73 0.350629
54 74 1.32617
54 75 1.08837
54 76 0.690518
54 77 0.15775
54 78 0.997498
54 79 1.29668
54 80 1.20418
54 81 1.12052
54 82 1.25228
54 83 1.06323
54 84 1.23204
54 85 0.479062
54 86 1.19304
54 87 0.478126
54 88 1.26844
54 89 0.308836
54 90 0.369413
54 91 0.841582
54 92 0.487706
54 93 0.935976
54 94 1.32217
54 95 0.189525
54 96 1.6554
54 97 0.637367
54 98 0.474216
54 99 0.583125
55 56 1.60279
55 57 1.10952
55 58 1.95335
55 59 1.31625
55 60 1.09619
55 61 1.64986
55 62 1.6628
55 63 1.86478
55 64 1.12917
55 65 1.29031
55 66 1.60361
55 67 0.752221
55 68 0.475737
55 69 0.512159
55 70 0.617854
55 71 1.64224
55 72 1.63827
55 73 1.72411
55 74 0.342799
55 75 0.397898
55 76 0.68455
55 77 1.21787
55 78 0.925601
55 79 0.304975
55 80 1.99054
55 81 0.427068
55 82 1.6949
55 83 1.83129
55 84 0.69458
55 85 0.909309
55 86 0.425574
55 87 1.46336
55 88 1.86914
55 89 1.07994
55 90 1.3538
55 91 0.547511
55 92 1.1211
55 93 1.12869
55 94 1.27385
55 95 1.23062
55 96 1.06459
55 97 0.74254
55 98 1.74931
55 99 0.877183
56 57 1.14089
56 58 0.953209
56 59 1.65497
56 60 1.15599
56 61 1.34893
56 62 0.570478
56 63 0.462775
56 64 1.01008
56 65 1.87577
56 66 0.0635996
56 67 0.999216
56 68 1.2407
56 69 1.30595
56 70 1.39516
56 71 1.40735
56 72 0.648165
56 73 0.34251
56 74 1.60852
56 75 1.26465
56 76 0.930897
56 77 0.445865
56 78 1.01914
56 79 1.46864
56 80 0.902434
56 81 1.40952
56 82 1.04047
56 83 0.780079
56 84 1.31252
56 85 0.699117
56 86 1.34476
56 87 0.277552
56 88 1.009
56 89 0.539028
56 90 0.285811
56 91 1.05529
56 92 0.52794
56 93 0.888343
56 94 1.2447
56 95 0.531339
56 96 1.66849
56 97 0.904958
56 98 0.147813
56 99 0.735674
57 58 0.942155
57 59 0.5222
57 60 0.0200114
57 61 0.546982
57 62 1.56822
57 63 1.10751
57 64 0.131258
57 65 0.735464
57 66 1.18549
57 67 1.14412
57 68 0.648419
57 69 0.597621
57 70 1.40199
57 71 0.551193
57 72 0.74323
57 73 1.44508
57 74 1.3563
57 75 0.739913
57 76 0.895246
57 77 1.07204
57 78 0.242433
57 79 0.816116
57 80 1.00845
57 81 1.26537
57 82 0.621467
57 83 0.878441
57 84 0.432579
57 85 0.865802
57 86 0.684049
57 87 0.87086
57 88 0.823912
57 89 0.944448
57 90 0.871611
57 91 0.820712
57 92 0.6918
57 93 0.252986
57 94 0.186984
57 95 1.19045
57 96 0.546284
57 97 0.981235
57 98 1.23786
57 99 0.706272
58 59 1.25147
58 60 0.961731
58 61 0.692436
58 62 1.5234
58 63 0.54975
58 64 0.861731
58 65 1.51991
58 66 1.01649
58 67 1.66297
58 68 1.48056
58 69 1.47368
58 70 2.03373
58 71 0.761462
58 72 0.366096
58 73 1.27812
58 74 2.11526
58 75 1.55556
58 76 1.46945
58 77 1.24993
58 78 1.0424
58 79 1.69575
58 80 0.0981802
58 81 1.96324
58 82 0.354302
58 83 0.176593
58 84 1.35126
58 85 1.29247
58 86 1.5523
58 87 0.76531
58 88 0.147835
58 89 1.23049
58 90 0.894452
58 91 1.49674
58 92 0.975023
58 93 0.829411
58 94 0.884262
58 95 1.37939
58 96 1.42386
58 97 1.5078
58 98 0.927832
58 99 1.19752
59 60 0.510564
59 61 0.595885
59 62 2.08944
59 63 1.56083
59 64 0.649043
59 65 0.268637
59 66 1.7022
59 67 1.58167
59 68 0.957592
59 69 0.860723
59 70 1.76383
59 71 0.540812
59 72 1.17428
59 73 1.96572
59 74 1.62933
59 75 1.0457
59 76 1.33593
59 77 1.58805
59 78 0.720387
59 79 1.01655
59 80 1.33943
59 81 1.59645
59 82 0.897543
59 83 1.25188
59 84 0.669302
59 85 1.35584
59 86 0.935018
59 87 1.38052
59 88 1.10714
59 89 1.45393
59 90 1.39158
59 91 1.22173
59 92 1.21249
59 93 0.772975
59 94 0.420375
59 95 1.70178
59 96 0.281636
59 97 1.43096
59 98 1.74281
59 99 1.19674
60 61 0.557624
60 62 1.57903
60 63 1.12659
60 64 0.147751
60 65 0.719889
60 66 1.20007
60 67 1.14317
60 68 0.637372
60 69 0.584077
60 70 1.39628
60 71 0.559626
60 72 0.762998
60 73 1.45845
60 74 1.3461
60 75 0.729256
60 76 0.894042
60 77 1.08087
60 78 0.241242
60 79 0.801555
60 80 1.02828
60 81 1.25773
60 82 0.639883
60 83 0.898444
60 84 0.416334
60 85 0.869817
60 86 0.670622
60 87 0.886788
60 88 0.842981
60 89 0.951698
60 90 0.885418
60 91 0.816119
60 92 0.702223
60 93 0.267669
60 94 0.191959
60 95 1.19822
60 96 0.527934
60 97 0.981045
60 98 1.25411
60 99 0.710036
61 62 1.87608
61 63 1.11395
61 64 0.574935
61 65 0.860151
61 66 1.40767
61 67 1.64709
61 68 1.19499
61 69 1.13828
61 70 1.93676
61 71 0.0696584
61 72 0.738027
61 73 1.68907
61 74 1.90328
61 75 1.28677
61 76 1.4043
61 77 1.44514
61 78 0.772916
61 79 1.35047
61 80 0.787826
61 81 1.80825
61 82 0.361919
61 83 0.740357
61 84 0.958787
61 85 1.32316
61 86 1.22489
61 87 1.07884
61 88 0.544628
61 89 1.35219
61 90 1.14689
61 91 1.35277
61 92 1.06485
61 93 0.652518
61 94 0.376423
61 95 1.57732
61 96 0.826071
61 97 1.48005
61 98 1.39385
61 99 1.17412
62 63 1.01121
62 64 1.44617
62 65 2.27571
62 66 0.507024
62 67 0.922619
62 68 1.44017
62 69 1.53431
62 70 1.24966
62 71 1.92868
62 72 1.21142
62 73 0.271388
62 74 1.5483
62 75 1.4266
62 76 1.00188
62 77 0.519013
62 78 1.3858
62 79 1.6318
62 80 1.46993
62 81 1.3412
62 82 1.59368
62 83 1.35056
62 84 1.60825
62 85 0.825901
62 86 1.54225
62 87 0.806187
62 88 1.57766
62 89 0.671606
62 90 0.730151
62 91 1.16472
62 92 0.87698
62 93 1.32326
62 94 1.70796
62 95 0.446506
62 96 2.04202
62 97 0.925802
62 98 0.618362
62 99 0.953754
63 64 0.984539
63 65 1.81406
63 66 0.520016
63 67 1.37968
63 68 1.43435
63 69 1.46864
63 70 1.77618
63 71 1.18135
63 72 0.38873
63 73 0.750492
63 74 1.93949
63 75 1.4844
63 76 1.25029
63 77 0.863969
63 78 1.08392
63 79 1.66839
63 80 0.476578
63 81 1.75546
63 82 0.757949
63 83 0.403018
63 84 1.41271
63 85 1.02904
63 86 1.52897
63 87 0.415209
63 88 0.648005
63 89 0.906309
63 90 0.548646
63 91 1.33527
63 92 0.74867
63 93 0.888722
63 94 1.14293
63 95 0.972846
63 96 1.65214
63 97 1.2536
63 98 0.39482
63 99 0.9992
64 65 0.866683
64 66 1.05524
64 67 1.07686
64 68 0.655604
64 69 0.626017
64 70 1.36283
64 71 0.594447
64 72 0.630133
64 73 1.31671
64 74 1.34923
64 75 0.74226
64 76 0.831487
64 77 0.957445
64 78 0.207632
64 79 0.849416
64 80 0.919855
64 81 1.24006
64 82 0.567962
64 83 0.780171
64 84 0.489636
64 85 0.773568
64 86 0.709597
64 87 0.739616
64 88 0.755819
64 89 0.836629
64 90 0.742676
64 91 0.778979
64 92 0.572658
64 93 0.123992
64 94 0.270715
64 95 1.07965
64 96 0.674478
64 97 0.910771
64 98 1.10662
64 99 0.616916
65 66 1.9191
65 67 1.67927
65 68 1.01511
65 69 0.907155
65 70 1.80566
65 71 0.801784
65 72 1.43051
65 73 2.17318
65 74 1.62369
65 75 1.09269
65 76 1.44384
65 77 1.76309
65 78 0.889914
65 79 1.01187
65 80 1.60744
65 81 1.6252
65 82 1.16585
65 83 1.51684
65 84 0.738726
65 85 1.50215
65 86 0.965528
65 87 1.60629
65 88 1.37576
65 89 1.62007
65 90 1.60274
65 91 1.30926
65 92 1.40358
65 93 0.987447
65 94 0.671697
65 95 1.86734
65 96 0.253602
65 97 1.54201
65 98 1.97291
65 99 1.34802
66 67 0.978403
66 68 1.25564
66 69 1.32508
66 70 1.37172
66 71 1.4654
66 72 0.711076
66 73 0.281742
66 74 1.59579
66 75 1.27511
66 76 0.925801
66 77 0.421446
66 78 1.05445
66 79 1.48084
66 80 0.964912
66 81 1.39446
66 82 1.10231
66 83 0.84356
66 84 1.34037
66 85 0.695492
66 86 1.36031
66 87 0.331689
66 88 1.07256
66 89 0.529585
66 90 0.319202
66 91 1.0569
66 92 0.552482
66 93 0.932532
66 94 1.29467
66 95 0.494081
66 96 1.70796
66 97 0.893357
66 98 0.169183
66 99 0.74566
67 68 0.676922
67 69 0.787491
67 70 0.398095
67 71 1.67094
67 72 1.29908
67 73 1.02582
67 74 0.635567
67 75 0.620314
67 76 0.249364
67 77 0.557145
67 78 0.901996
67 79 0.794372
67 80 1.6637
67 81 0.427966
67 82 1.52704
67 83 1.50092
67 84 0.940563
67 85 0.3707
67 86 0.755138
67 87 0.969637
67 88 1.63268
67 89 0.474183
67 90 0.831982
67 91 0.370846
67 92 0.688115
67 93 0.996178
67 94 1.32944
67 95 0.519679
67 96 1.4257
67 97 0.167337
67 98 1.14398
67 99 0.484485
68 69 0.110653
68 70 0.806239
68 71 1.19484
68 72 1.17596
68 73 1.43229
68 74 0.709837
68 75 0.093074
68 76 0.466978
68 77 0.934406
68 78 0.45039
68 79 0.234401
68 80 1.52116
68 81 0.642665
68 82 1.21961
68 83 1.36418
68 84 0.288384
68 85 0.615265
68 86 0.105163
68 87 1.05441
68 88 1.39376
68 89 0.780097
68 90 0.966213
68 91 0.309473
68 92 0.720355
68 93 0.653523
68 94 0.82398
68 95 0.994637
68 96 0.762747
68 97 0.563454
68 98 1.38012
68 99 0.513484
69 70 0.906133
69 71 1.13255
69 72 1.18715
69 73 1.51424
69 74 0.782717
69 75 0.187007
69 76 0.574088
69 77 1.02321
69 78 0.431427
69 79 0.223525
69 80 1.52077
69 81 0.735731
69 82 1.19398
69 83 1.36799
69 84 0.195111
69 85 0.708453
69 86 0.0866358
69 87 1.10366
69 88 1.37794
69 89 0.868284
69 90 1.0259
69 91 0.419191
69 92 0.779532
69 93 0.644839
69 94 0.762843
69 95 1.09058
69 96 0.655711
69 97 0.671417
69 98 1.44172
69 99 0.593351
70 71 1.95021
70 72 1.67451
70 73 1.39353
70 74 0.340966
70 75 0.71937
70 76 0.565533
70 77 0.950561
70 78 1.16511
70 79 0.808803
70 80 2.04166
70 81 0.193327
70 82 1.86548
70 83 1.87763
70 84 1.09459
70 85 0.754577
70 86 0.840698
70 87 1.3642
70 88 1.9909
70 89 0.871956
70 90 1.22774
70 91 0.583995
70 92 1.06639
70 93 1.30521
70 94 1.58821
70 95 0.895855
70 96 1.55808
70 97 0.530417
70 98 1.53871
70 99 0.836604
71 72 0.803312
71 73 1.74637
71 74 1.90453
71 75 1.28734
71 76 1.42593
71 77 1.48929
71 78 0.785147
71 79 1.34047
71 80 0.857098
71 81 1.81648
71 82 0.431196
71 83 0.809719
71 84 0.94837
71 85 1.35503
71 86 1.21888
71 87 1.13536
71 88 0.613709
71 89 1.39153
71 90 1.19868
71 91 1.36685
71 92 1.10609
71 93 0.681698
71 94 0.3709
71 95 1.62046
71 96 0.782079
71 97 1.50446
71 98 1.45577
71 99 1.20328
72 73 0.989157
72 74 1.77369
72 75 1.24221
72 76 1.11281
72 77 0.89068
72 78 0.768412
72 79 1.40252
72 80 0.367595
72 81 1.61289
72 82 0.398944
72 83 0.203248
72 84 1.09632
72 85 0.92838
72 86 1.25875
72 87 0.417199
72 88 0.373333
72 89 0.864796
72 90 0.536716
72 91 1.15315
72 92 0.611043
72 93 0.556128
72 94 0.758844
72 95 1.02236
72 96 1.2801
72 97 1.14619
72 98 0.666062
72 99 0.841091
73 74 1.66122
73 75 1.43631
73 76 1.0408
73 77 0.508331
73 78 1.29337
73 79 1.64471
73 80 1.21826
73 81 1.45378
73 82 1.38288
73 83 1.10933
73 84 1.55591
73 85 0.828431
73 86 1.53726
73 87 0.611265
73 88 1.34446
73 89 0.656634
73 90 0.574248
73 91 1.19208
73 92 0.777051
73 93 1.19287
73 94 1.56458
73 95 0.506352
73 96 1.95303
73 97 0.98434
73 98 0.355701
73 99 0.920987
74 75 0.617196
74 76 0.69004
74 77 1.1802
74 78 1.14174
74 79 0.615691
74 80 2.1385
74 81 0.207989
74 82 1.89655
74 83 1.97482
74 84 0.97718
74 85 0.918012
74 86 0.700507
74 87 1.525
74 88 2.05001
74 89 1.06956
74 90 1.39817
74 91 0.62054
74 92 1.19539
74 93 1.32132
74 94 1.53375
74 95 1.1549
74 96 1.3904
74 97 0.703568
74 98 1.75595
74 99 0.945609
75 76 0.432883
75 77 0.931795
75 78 0.535498
75 79 0.2084
75 80 1.59281
75 81 0.551813
75 82 1.30313
75 83 1.43395
75 84 0.376803
75 85 0.609724
75 86 0.135252
75 87 1.09437
75 88 1.47303
75 89 0.779938
75 90 0.997423
75 91 0.268147
75 92 0.754699
75 93 0.732773
75 94 0.916556
75 95 0.980121
75 96 0.842059
75 97 0.524338
75 98 1.40708
75 99 0.529544
76 77 0.533493
76 78 0.652957
76 79 0.632682
76 80 1.4804
76 81 0.507232
76 82 1.30428
76 83 1.31605
76 84 0.707651
76 85 0.231976
76 86 0.55967
76 87 0.835362
76 88 1.42544
76 89 0.397404
76 90 0.708282
76 91 0.165115
76 92 0.512449
76 93 0.756926
76 94 1.08096
76 95 0.557909
76 96 1.19094
76 97 0.0986786
76 98 1.07865
76 99 0.272025
77 78 0.874441
77 79 1.13997
77 80 1.22623
77 81 0.97655
77 82 1.21747
77 83 1.07499
77 84 1.08953
77 85 0.322096
77 86 1.03849
77 87 0.488944
77 88 1.26011
77 89 0.154951
77 90 0.355486
77 91 0.683833
77 92 0.387598
77 93 0.838792
77 94 1.22633
77 95 0.134737
77 96 1.52598
77 97 0.484186
77 98 0.588182
77 99 0.435703
78 79 0.654209
78 80 1.09125
78 81 1.03606
78 82 0.769315
78 83 0.94122
78 84 0.330245
78 85 0.637418
78 86 0.511649
78 87 0.770832
78 88 0.947527
78 89 0.735364
78 90 0.735401
78 91 0.581765
78 92 0.517283
78 93 0.215284
78 94 0.428901
78 95 0.983475
78 96 0.660326
78 97 0.739859
78 98 1.13547
78 99 0.477617
79 80 1.74113
79 81 0.620687
79 82 1.41734
79 83 1.58678
79 84 0.392129
79 85 0.817871
79 86 0.144021
79 87 1.28825
79 88 1.60128
79 89 0.988318
79 90 1.19743
79 91 0.467967
79 92 0.952433
79 93 0.866393
79 94 0.974043
79 95 1.18564
79 96 0.774987
79 97 0.719153
79 98 1.60973
79 99 0.735326
80 81 1.97999
80 82 0.442341
80 83 0.164416
80 84 1.40738
80 85 1.29322
80 86 1.59721
80 87 0.737578
80 88 0.243834
80 89 1.2189
80 90 0.872036
80 91 1.5182
80 92 0.976626
80 93 0.876306
80 94 0.96303
80 95 1.35261
80 96 1.50352
80 97 1.5127
80 98 0.864424
80 99 1.20868
81 82 1.76726
81 83 1.81563
81 84 0.928438
81 85 0.727595
81 86 0.664484
81 87 1.34025
81 88 1.90788
81 89 0.871738
81 90 1.20977
81 91 0.471904
81 92 1.01934
81 93 1.19616
81 94 1.44913
81 95 0.947571
81 96 1.3804
81 97 0.506892
81 98 1.55645
81 99 0.773995
82 83 0.37855
82 84 1.04886
82 85 1.16965
82 86 1.27743
82 87 0.787759
82 88 0.213869
82 89 1.15492
82 90 0.882977
82 91 1.29558
82 92 0.869283
82 93 0.575274
82 94 0.53706
82 95 1.3522
82 96 1.07341
82 97 1.36206
82 98 1.065
82 99 1.04292
83 84 1.2627
83 85 1.13028
83 86 1.44276
83 87 0.589137
83 88 0.24529
83 89 1.06034
83 90 0.719571
83 91 1.35439
83 92 0.813281
83 93 0.725972
83 94 0.855505
83 95 1.20377
83 96 1.39332
83 97 1.349
83 98 0.763209
83 99 1.04429
84 85 0.794879
84 86 0.277107
84 87 1.08205
84 88 1.24392
84 89 0.936833
84 90 1.02686
84 91 0.570653
84 92 0.788173
84 93 0.540278
84 94 0.582425
84 95 1.17512
84 96 0.485141
84 97 0.806244
84 98 1.43865
84 99 0.654714
85 86 0.718482
85 87 0.614167
85 88 1.26523
85 89 0.1726
85 90 0.482194
85 91 0.365936
85 92 0.31747
85 93 0.673574
85 94 1.04115
85 95 0.383047
85 96 1.25589
85 97 0.225418
85 98 0.846817
85 99 0.159984
86 87 1.15436
86 88 1.45915
86 89 0.884423
86 90 1.06901
86 91 0.397144
86 92 0.822762
86 93 0.722891
86 94 0.849359
86 95 1.09619
86 96 0.717419
86 97 0.653805
86 98 1.48355
86 99 0.61864
87 88 0.790453
87 89 0.500423
87 90 0.139682
87 91 0.925936
87 92 0.342301
87 93 0.620279
87 94 0.968089
87 95 0.615308
87 96 1.40632
87 97 0.839118
87 98 0.368278
87 99 0.589422
88 89 1.22253
88 90 0.908337
88 91 1.43715
88 92 0.951066
88 93 0.740471
88 94 0.750308
88 95 1.39293
88 96 1.28727
88 97 1.47241
88 98 1.00361
88 99 1.15587
89 90 0.361084
89 91 0.538399
89 92 0.289347
89 93 0.723137
89 94 1.10729
89 95 0.248111
89 96 1.37991
89 97 0.366003
89 98 0.686618
89 99 0.282171
90 91 0.810069
90 92 0.24652
90 93 0.618973
90 94 0.991723
90 95 0.485824
90 96 1.38914
90 97 0.705661
90 98 0.415903
90 99 0.476675
91 92 0.586602
91 93 0.726396
91 94 1.00755
91 95 0.719277
91 96 1.05566
91 97 0.256745
91 98 1.20182
91 99 0.336576
92 93 0.4522
92 94 0.839897
92 95 0.515508
92 96 1.1776
92 97 0.536417
92 98 0.662198
92 99 0.250853
93 94 0.387707
93 95 0.963225
93 96 0.787452
93 97 0.828886
93 98 0.988244
93 99 0.521919
94 95 1.34974
94 96 0.540504
94 97 1.16568
94 98 1.32641
94 99 0.882921
95 96 1.62587
95 97 0.488224
95 98 0.663119
95 99 0.522971
96 97 1.28924
96 98 1.7746
96 99 1.1041
97 98 1.05244
97 99 0.319195
98 99 0.879317