100
0 1 0.734205
0 2 1.07084
0 3 0.696205
0 4 0.312927
0 5 0.631225
0 6 1.04696
0 7 1.02331
0 8 0.642211
0 9 1.35947
0 10 1.1904
0 11 0.0874431
0 12 1.55974
0 13 0.269878
0 14 1.39911
0 15 0.180484
0 16 1.70421
0 17 1.12579
0 18 1.51226
0 19 0.980454
0 20 0.865145
0 21 0.74796
0 22 0.754947
0 23 0.79745
0 24 0.712301
0 25 1.32457
0 26 1.34492
0 27 0.159933
0 28 1.44943
0 29 0.660766
0 30 1.47619
0 31 0.66357
0 32 0.376811
0 33 0.342529
0 34 0.628917
0 35 1.56825
0 36 0.797195
0 37 1.29344
0 38 1.51043
0 39 0.463105
0 40 0.308521
0 41 0.369142
0 42 1.39739
0 43 0.740932
0 44 1.52555
0 45 1.51025
0 46 0.519492
0 47 1.81883
0 48 1.70258
0 49 1.08612
0 50 1.36549
0 51 1.22555
0 52 0.608815
0 53 1.48249
0 54 0.943205
0 55 1.36058
0 56 1.59641
0 57 1.1747
0 58 1.03895
0 59 0.639022
0 60 0.929293
0 61 1.36671
0 62 0.775746
0 63 0.877797
0 64 0.641177
0 65 0.694818
0 66 0.999255
0 67 1.66321
0 68 1.0655
0 69 0.693663
0 70 0.919399
0 71 0.591316
0 72 0.684382
0 73 0.131734
0 74 0.494431
0 75 1.02539
0 76 0.439639
0 77 1.3206
0 78 1.90747
0 79 0.235295
0 80 0.738755
0 81 0.519204
0 82 0.671627
0 83 0.777784
0 84 1.06421
0 85 0.370488
0 86 1.47077
0 87 1.54671
0 88 0.779291
0 89 0.590716
0 90 0.146459
0 91 0.179698
0 92 0.736918
0 93 1.02033
0 94 0.951879
0 95 1.03262
0 96 1.28971
0 97 1.31285
0 98 0.149064
0 99 1.07426
1 2 1.45831
1 3 0.58807
1 4 0.79776
1 5 0.123789
1 6 1.42313
1 7 1.71489
1 8 0.545418
1 9 1.37132
1 10 1.15836
1 11 0.792263
1 12 1.03471
1 13 0.477705
1 14 1.17692
1 15 0.55522
1 16 1.46719
1 17 1.62815
1 18 1.83907
1 19 1.54591
1 20 1.58595
1 21 1.47612
1 22 1.45032
1 23 0.813594
1 24 1.35729
1 25 1.42072
1 26 1.39077
1 27 0.892277
1 28 1.17409
1 29 0.26647
1 30 1.42487
1 31 0.0944175
1 32 0.486938
1 33 0.995145
1 34 1.11099
1 35 1.67945
1 36 1.52152
1 37 1.62157
1 38 1.39775
1 39 1.19657
1 40 0.500835
1 41 0.982519
1 42 0.799515
1 43 0.503551
1 44 1.68919
1 45 0.923861
1 46 0.371966
1 47 1.2791
1 48 1.64742
1 49 0.692343
1 50 0.736868
1 51 1.33818
1 52 1.31822
1 53 1.83353
1 54 1.36526
1 55 1.12238
1 56 1.57155
1 57 1.36072
1 58 1.55207
1 59 0.537973
1 60 0.599167
1 61 1.43513
1 62 1.34141
1 63 1.51248
1 64 0.343592
1 65 1.02733
1 66 1.48982
1 67 1.83356
1 68 1.68599
1 69 0.0799489
1 70 0.417854
1 71 0.642179
1 72 0.805718
1 73 0.682687
1 74 0.255995
1 75 1.71066
1 76 0.889707
1 77 1.23222
1 78 2.12126
1 79 0.769941
1 80 0.476249
1 81 1.03056
1 82 0.801781
1 83 1.44235
1 84 0.402148
1 85 0.681743
1 86 1.21422
1 87 1.55958
1 88 0.386522
1 89 1.31392
1 90 0.838946
1 91 0.590631
1 92 1.08122
1 93 1.2211
1 94 1.64341
1 95 0.325701
1 96 1.62658
1 97 1.27597
1 98 0.796691
1 99 0.721091
2 3 1.72625
2 4 1.3741
2 5 1.33847
2 6 0.0377741
2 7 0.854044
2 8 1.66666
2 9 0.706276
2 10 0.723798
2 11 0.99082
2 12 1.60284
2 13 1.11249
2 14 1.06757
2 15 1.15259
2 16 1.25595
2 17 0.281277
2 18 0.443178
2 19 0.399173
2 20 0.967412
2 21 0.993945
2 22 0.789946
2 23 0.72027
2 24 0.615138
2 25 0.563958
2 26 0.648964
2 27 1.01118
2 28 1.16766
2 29 1.56343
2 30 0.854016
2 31 1.45128
2 32 1.00392
2 33 0.77517
2 34 0.443556
2 35 0.681576
2 36 0.972739
2 37 0.234465
2 38 0.961435
2 39 1.00751
2 40 1.02996
2 41 0.72336
2 42 1.61914
2 43 1.02935
2 44 0.585812
2 45 1.67219
2 46 1.48321
2 47 1.80607
2 48 0.995633
2 49 1.19495
2 50 1.65106
2 51 0.506035
2 52 0.840715
2 53 0.411738
2 54 0.13252
2 55 1.07425
2 56 0.884345
2 57 0.375654
2 58 0.275802
2 59 1.66154
2 60 1.09831
2 61 0.624017
2 62 0.421819
2 63 0.584678
2 64 1.13199
2 65 0.43374
2 66 0.217816
2 67 0.686697
2 68 0.589219
2 69 1.47648
2 70 1.82366
2 71 0.821442
2 72 0.668649
2 73 0.980583
2 74 1.23852
2 75 0.824164
2 76 0.644805
2 77 0.841734
2 78 0.870674
2 79 0.847949
2 80 1.05548
2 81 0.553141
2 82 0.668979
2 83 0.673214
2 84 1.52732
2 85 0.817788
2 86 1.15094
2 87 0.800716
2 88 1.17272
2 89 0.917176
2 90 1.155
2 91 1.03509
2 92 0.379685
2 93 0.36102
2 94 0.824409
2 95 1.58394
2 96 0.225981
2 97 0.762377
2 98 0.922069
2 99 1.14196
3 4 0.506097
3 5 0.60792
3 6 1.69752
3 7 1.68679
3 8 0.0606659
3 9 1.83976
3 10 1.63615
3 11 0.783577
3 12 1.62124
3 13 0.621801
3 14 1.72329
3 15 0.575007
3 16 2.02461
3 17 1.81433
3 18 2.15574
3 19 1.67595
3 20 1.49565
3 21 1.36515
3 22 1.42398
3 23 1.24303
3 24 1.40507
3 25 1.85279
3 26 1.845
3 27 0.826926
3 28 1.73467
3 29 0.321725
3 30 1.921
3 31 0.502762
3 32 0.762854
3 33 1.03873
3 34 1.2995
3 35 2.1123
3 36 1.42293
3 37 1.93268
3 38 1.91575
3 39 1.07727
3 40 0.7142
3 41 1.06224
3 42 1.37796
3 43 1.00223
3 44 2.09613
3 45 1.50227
3 46 0.273507
3 47 1.86164
3 48 2.15099
3 49 1.26391
3 50 1.30754
3 51 1.75902
3 52 1.27094
3 53 2.13436
3 54 1.60663
3 55 1.67158
3 56 2.06149
3 57 1.74516
3 58 1.72838
3 59 0.0669166
3 60 1.14718
3 61 1.88072
3 62 1.46979
3 63 1.57039
3 64 0.827776
3 65 1.30857
3 66 1.6835
3 67 2.24043
3 68 1.75877
3 69 0.508561
3 70 0.379386
3 71 1.02475
3 72 1.18077
3 73 0.752757
3 74 0.595121
3 75 1.69387
3 76 1.08236
3 77 1.73571
3 78 2.51009
3 79 0.885594
3 80 0.98085
3 81 1.19331
3 82 1.17156
3 83 1.46376
3 84 0.976599
3 85 0.919065
3 86 1.77109
3 87 2.03366
3 88 0.929408
3 89 1.23239
3 90 0.694599
3 91 0.691197
3 92 1.3594
3 93 1.59101
3 94 1.61745
3 95 0.876976
3 96 1.93226
3 97 1.76105
3 98 0.836333
3 99 1.28435
4 5 0.731916
4 6 1.35205
4 7 1.19289
4 8 0.469525
4 9 1.66396
4 10 1.48733
4 11 0.384815
4 12 1.7533
4 13 0.461319
4 14 1.67072
4 15 0.343115
4 16 1.97872
4 17 1.4041
4 18 1.81698
4 19 1.24184
4 20 0.993094
4 21 0.861434
4 22 0.9366
4 23 1.0873
4 24 0.946041
4 25 1.63491
4 26 1.65214
4 27 0.374702
4 28 1.71136
4 29 0.620141
4 30 1.77562
4 31 0.707463
4 32 0.6168
4 33 0.61297
4 34 0.930549
4 35 1.88037
4 36 0.920087
4 37 1.60026
4 38 1.8025
4 39 0.577636
4 40 0.543844
4 41 0.655377
4 42 1.55748
4 43 0.971607
4 44 1.83847
4 45 1.67773
4 46 0.460929
4 47 2.01082
4 48 2.00405
4 49 1.30566
4 50 1.50997
4 51 1.53601
4 52 0.782744
4 53 1.78459
4 54 1.24426
4 55 1.62807
4 56 1.89998
4 57 1.48743
4 58 1.31677
4 59 0.469895
4 60 1.15571
4 61 1.67573
4 62 1.04699
4 63 1.10761
4 64 0.834472
4 65 1.00764
4 66 1.28472
4 67 1.97607
4 68 1.29514
4 69 0.732595
4 70 0.828952
4 71 0.869916
4 72 0.983004
4 73 0.433741
4 74 0.622849
4 75 1.20256
4 76 0.751815
4 77 1.61277
4 78 2.21865
4 79 0.548219
4 80 0.962367
4 81 0.821033
4 82 0.970691
4 83 0.990996
4 84 1.1838
4 85 0.669848
4 86 1.73715
4 87 1.85319
4 88 0.971658
4 89 0.736316
4 90 0.226069
4 91 0.436525
4 92 1.04916
4 93 1.33281
4 94 1.12532
4 95 1.12251
4 96 1.59569
4 97 1.61153
4 98 0.456142
4 99 1.30416
5 6 1.30362
5 7 1.59623
5 8 0.55707
5 9 1.28293
5 10 1.07156
5 11 0.683171
5 12 1.04611
5 13 0.366737
5 14 1.12053
5 15 0.456418
5 16 1.41879
5 17 1.50499
5 18 1.72478
5 19 1.42214
5 20 1.47267
5 21 1.36563
5 22 1.33286
5 23 0.710162
5 24 1.23601
5 25 1.32318
5 26 1.29851
5 27 0.786542
5 28 1.12774
5 29 0.302706
5 30 1.34576
5 31 0.127431
5 32 0.363443
5 33 0.87682
5 34 0.987246
5 35 1.58327
5 36 1.40946
5 37 1.50597
5 38 1.32725
5 39 1.09033
5 40 0.380485
5 41 0.862037
5 42 0.830725
5 43 0.416127
5 44 1.58762
5 45 0.953144
5 46 0.355307
5 47 1.29827
5 48 1.57185
5 49 0.65652
5 50 0.778933
5 51 1.2377
5 52 1.20338
5 53 1.7176
5 54 1.24356
5 55 1.06767
5 56 1.49084
5 57 1.25354
5 58 1.42861
5 59 0.549486
5 60 0.54145
5 61 1.34089
5 62 1.21778
5 63 1.39025
5 64 0.244197
5 65 0.906412
5 66 1.36665
5 67 1.73251
5 68 1.56295
5 69 0.144669
5 70 0.510773
5 71 0.527044
5 72 0.692125
5 73 0.568945
5 74 0.1394
5 75 1.59133
5 76 0.765965
5 77 1.15497
5 78 2.01779
5 79 0.649997
5 80 0.390882
5 81 0.906913
5 82 0.687384
5 83 1.32199
5 84 0.452318
5 85 0.557972
5 86 1.16507
5 87 1.47373
5 88 0.322976
5 89 1.20217
5 90 0.745909
5 91 0.477625
5 92 0.960416
5 93 1.11075
5 94 1.52491
5 95 0.403342
5 96 1.51047
5 97 1.19229
5 98 0.682361
5 99 0.676511
6 7 0.869529
6 8 1.63777
6 9 0.681427
6 10 0.691547
6 11 0.968
6 12 1.56697
6 13 1.08215
6 14 1.03563
6 15 1.12467
6 16 1.22898
6 17 0.312612
6 18 0.465317
6 19 0.417238
6 20 0.974626
6 21 0.996156
6 22 0.793989
6 23 0.682517
6 24 0.615914
6 25 0.542551
6 26 0.625346
6 27 0.991779
6 28 1.1353
6 29 1.53097
6 30 0.830002
6 31 1.41708
6 32 0.97119
6 33 0.757512
6 34 0.422327
6 35 0.673129
6 36 0.977152
6 37 0.24981
6 38 0.935524
6 39 0.998729
6 40 0.998588
6 41 0.704139
6 42 1.58179
6 43 0.992033
6 44 0.581676
6 45 1.63531
6 46 1.45266
6 47 1.77148
6 48 0.977822
6 49 1.15747
6 50 1.61345
6 51 0.480193
6 52 0.837975
6 53 0.437659
6 54 0.12123
6 55 1.04128
6 56 0.865555
6 57 0.350763
6 58 0.299544
6 59 1.63258
6 60 1.06054
6 61 0.602797
6 62 0.421437
6 63 0.595579
6 64 1.09579
6 65 0.400298
6 66 0.236385
6 67 0.688602
6 68 0.610874
6 69 1.4421
6 70 1.79047
6 71 0.785352
6 72 0.63172
6 73 0.95407
6 74 1.20489
6 75 0.84022
6 76 0.617488
6 77 0.811665
6 78 0.883321
6 79 0.821897
6 80 1.01823
6 81 0.531231
6 82 0.632219
6 83 0.678439
6 84 1.48975
6 85 0.786517
6 86 1.11938
6 87 0.782889
6 88 1.1355
6 89 0.913636
6 90 1.13441
6 91 1.00662
6 92 0.34641
6 93 0.326367
6 94 0.837214
6 95 1.54672
6 96 0.243882
6 97 0.733776
6 98 0.898533
6 99 1.10456
7 8 1.64048
7 9 1.53855
7 10 1.49962
7 11 0.944965
7 12 2.25796
7 13 1.24189
7 14 1.83271
7 15 1.19521
7 16 2.06881
7 17 0.629509
7 18 1.15688
7 19 0.456014
7 20 0.236828
7 21 0.360577
7 22 0.268515
7 23 1.30105
7 24 0.381029
7 25 1.40918
7 26 1.48688
7 27 0.870689
7 28 1.92323
7 29 1.68287
7 30 1.68839
7 31 1.66119
7 32 1.24407
7 33 0.719742
7 34 0.734296
7 35 1.53138
7 36 0.300829
7 37 1.03823
7 38 1.78494
7 39 0.6163
7 40 1.21594
7 41 0.736741
7 42 2.18979
7 43 1.49114
7 44 1.42809
7 45 2.276
7 46 1.54239
7 47 2.49597
7 48 1.84712
7 49 1.78284
7 50 2.19061
7 51 1.33738
7 52 0.417281
7 53 1.09623
7 54 0.772506
7 55 1.82347
7 56 1.73432
7 57 1.21327
7 58 0.588438
7 59 1.63885
7 60 1.64064
7 61 1.46939
7 62 0.510704
7 63 0.28701
7 64 1.49602
7 65 0.934138
7 66 0.636434
7 67 1.50645
7 68 0.294604
7 69 1.69158
7 70 1.94267
7 71 1.24794
7 72 1.18291
7 73 1.03676
7 74 1.45902
7 75 0.0327849
7 76 0.882171
7 77 1.63612
7 78 1.61316
7 79 0.946643
7 80 1.50683
7 81 0.75137
7 82 1.17379
7 83 0.284838
7 84 1.95801
7 85 1.07139
7 86 1.91868
7 87 1.65226
7 88 1.60257
7 89 0.456588
7 90 0.992607
7 91 1.12848
7 92 0.911225
7 93 1.13926
7 94 0.071786
7 95 1.96482
7 96 1.02114
7 97 1.57157
7 98 0.923433
7 99 1.74328
8 9 1.78045
8 10 1.57737
8 11 0.729383
8 12 1.58009
8 13 0.561241
8 14 1.66871
8 15 0.516304
8 16 1.97099
8 17 1.75717
8 18 2.09559
8 19 1.62071
8 20 1.45309
8 21 1.32352
8 22 1.37637
8 23 1.18341
8 24 1.35288
8 25 1.7926
8 26 1.78528
8 27 0.776705
8 28 1.68177
8 29 0.281478
8 30 1.86269
8 31 0.457154
8 32 0.702312
8 33 0.984558
8 34 1.24107
8 35 2.05201
8 36 1.38063
8 37 1.8725
8 38 1.85865
8 39 1.03406
8 40 0.65354
8 41 1.00658
8 42 1.34067
8 43 0.946118
8 44 2.03555
8 45 1.46512
8 46 0.215319
8 47 1.82298
8 48 2.09287
8 49 1.21359
8 50 1.27247
8 51 1.6987
8 52 1.22385
8 53 2.07446
8 54 1.54747
8 55 1.61737
8 56 2.0028
8 57 1.68453
8 58 1.67142
8 59 0.00758714
8 60 1.09404
8 61 1.82077
8 62 1.41401
8 63 1.51833
8 64 0.772237
8 65 1.24827
8 66 1.62584
8 67 2.17984
8 68 1.70653
8 69 0.465491
8 70 0.382373
8 71 0.964695
8 72 1.12034
8 73 0.694814
8 74 0.537825
8 75 1.64682
8 76 1.02311
8 77 1.67796
8 78 2.44943
8 79 0.827374
8 80 0.925205
8 81 1.13528
8 82 1.11109
8 83 1.41333
8 84 0.939635
8 85 0.858612
8 86 1.71765
8 87 1.9744
8 88 0.876893
8 89 1.18752
8 90 0.647908
8 91 0.631771
8 92 1.2992
8 93 1.53035
8 94 1.57072
8 95 0.843829
8 96 1.87216
8 97 1.70242
8 98 0.780477
8 99 1.23264
9 10 0.213458
9 11 1.30973
9 12 1.04889
9 13 1.25024
9 14 0.434423
9 15 1.34537
9 16 0.553315
9 17 0.983397
9 18 0.739035
9 19 1.09542
9 20 1.60894
9 21 1.60056
9 22 1.417
9 23 0.598127
9 24 1.23042
9 25 0.157756
9 26 0.0633568
9 27 1.38276
9 28 0.53473
9 29 1.57727
9 30 0.149832
9 31 1.41027
9 32 1.09087
9 33 1.20365
9 34 0.905578
9 35 0.334567
9 36 1.59587
9 37 0.631581
9 38 0.25652
9 39 1.51442
9 40 1.15366
9 41 1.14042
9 42 1.16183
9 43 0.868688
9 44 0.396716
9 45 1.16981
9 46 1.56658
9 47 1.19759
9 48 0.347724
9 49 0.804733
9 50 1.22471
9 51 0.201861
9 52 1.41569
9 53 0.777827
9 54 0.766466
9 55 0.466665
9 56 0.237414
9 57 0.330777
9 58 0.980861
9 59 1.77353
9 60 0.804187
9 61 0.112893
9 62 1.04632
9 63 1.25484
9 64 1.03888
9 65 0.721381
9 66 0.916706
9 67 0.517821
9 68 1.2917
9 69 1.42435
9 70 1.78836
9 71 0.820804
9 72 0.683049
9 73 1.23154
9 74 1.24987
9 75 1.51102
9 76 0.958094
9 77 0.202823
9 78 0.809262
9 79 1.13312
9 80 0.895456
9 81 0.974175
9 82 0.694869
9 83 1.31224
9 84 1.24482
9 85 0.994145
9 86 0.502245
9 87 0.194027
9 88 0.990373
9 89 1.48071
9 90 1.49135
9 91 1.23362
9 92 0.707318
9 93 0.410798
9 94 1.49822
9 95 1.34311
9 96 0.649879
9 97 0.11507
9 98 1.23919
9 99 0.749738
10 11 1.14873
10 12 0.909945
10 13 1.05866
10 14 0.34422
10 15 1.15955
10 16 0.575868
10 17 1.00416
10 18 0.870417
10 19 1.08017
10 20 1.53926
10 21 1.51409
10 22 1.34531
10 23 0.403565
10 24 1.16086
10 25 0.303465
10 26 0.242742
10 27 1.23077
10 28 0.443859
10 29 1.36769
10 30 0.289785
10 31 1.19876
10 32 0.897085
10 33 1.07411
10 34 0.810811
10 35 0.53852
10 36 1.51712
10 37 0.717916
10 38 0.325035
10 39 1.39408
10 40 0.963041
10 41 1.01166
10 42 0.987307
10 43 0.656389
10 44 0.580228
10 45 1.01047
10 46 1.36265
10 47 1.09153
10 48 0.520561
10 49 0.605692
10 50 1.04265
10 51 0.266991
10 52 1.32204
10 53 0.897609
10 54 0.747562
10 55 0.351608
10 56 0.425514
10 57 0.377141
10 58 0.982954
10 59 1.57033
10 60 0.592869
10 61 0.294449
10 62 0.991578
10 63 1.21261
10 64 0.82788
10 65 0.609169
10 66 0.912188
10 67 0.713721
10 68 1.27992
10 69 1.21229
10 70 1.57566
10 71 0.627142
10 72 0.50604
10 73 1.05985
10 74 1.04347
10 75 1.47483
10 76 0.817492
10 77 0.142515
10 78 1.00783
10 79 0.973162
10 80 0.682894
10 81 0.859977
10 82 0.518772
10 83 1.25016
10 84 1.03815
10 85 0.820347
10 86 0.428618
10 87 0.402168
10 88 0.776921
10 89 1.38053
10 90 1.32799
10 91 1.05226
10 92 0.610245
10 93 0.370346
10 94 1.4514
10 95 1.13361
10 96 0.733659
10 97 0.125985
10 98 1.0808
10 99 0.549422
11 12 1.5701
11 13 0.316442
11 14 1.37439
11 15 0.250482
11 16 1.67654
11 17 1.03936
11 18 1.43321
11 19 0.893024
11 20 0.796068
11 21 0.683881
11 22 0.676472
11 23 0.764733
11 24 0.626506
11 25 1.26682
11 26 1.29192
11 27 0.110436
11 28 1.42996
11 29 0.737988
11 30 1.43125
11 31 0.727282
11 32 0.390449
11 33 0.255198
11 34 0.547662
11 35 1.50606
11 36 0.730141
11 37 1.21574
11 38 1.47154
11 39 0.408205
11 40 0.330641
11 41 0.282492
11 42 1.42053
11 43 0.744834
11 44 1.45906
11 45 1.53017
11 46 0.601246
11 47 1.8285
11 48 1.65517
11 49 1.08978
11 50 1.39388
11 51 1.16777
11 52 0.53381
11 53 1.40204
11 54 0.86201
11 55 1.33846
11 56 1.54712
11 57 1.11055
11 58 0.952408
11 59 0.726121
11 60 0.931859
11 61 1.31108
11 62 0.688517
11 63 0.791905
11 64 0.663732
11 65 0.627411
11 66 0.913701
11 67 1.59499
11 68 0.979278
11 69 0.757656
11 70 0.999598
11 71 0.570942
11 72 0.645097
11 73 0.1264
11 74 0.544129
11 75 0.945797
11 76 0.370219
11 77 1.28232
11 78 1.83432
11 79 0.176625
11 80 0.745987
11 81 0.437862
11 82 0.632058
11 83 0.694134
11 84 1.10289
11 85 0.338334
11 86 1.44873
11 87 1.4942
11 88 0.798687
11 89 0.522543
11 90 0.182077
11 91 0.208661
11 92 0.666687
11 93 0.957688
11 94 0.873301
11 95 1.07963
11 96 1.21141
11 97 1.2691
11 98 0.0727431
11 99 1.07346
12 13 1.30827
12 14 0.619307
12 15 1.4269
12 16 0.722022
12 17 1.87238
12 18 1.77594
12 19 1.90307
12 20 2.22697
12 21 2.15956
12 22 2.04352
12 23 0.95765
12 24 1.88138
12 25 1.1922
12 26 1.10664
12 27 1.67929
12 28 0.527724
12 29 1.29982
12 30 0.981733
12 31 1.12482
12 32 1.18351
12 33 1.64118
12 34 1.52385
12 35 1.36336
12 36 2.18329
12 37 1.627
12 38 0.875993
12 39 1.94556
12 40 1.25139
12 41 1.59313
12 42 0.270837
12 43 0.826573
12 44 1.44349
12 45 0.177086
12 46 1.39674
12 47 0.259177
12 48 1.10472
12 49 0.487656
12 50 0.361868
12 51 1.17573
12 52 1.96578
12 53 1.80628
12 54 1.59137
12 55 0.582283
12 56 1.10143
12 57 1.28534
12 58 1.83316
12 59 1.57266
12 60 0.643843
12 61 1.1605
12 62 1.75924
12 63 1.98331
12 64 0.9245
12 65 1.32923
12 66 1.75927
12 67 1.55135
12 68 2.09652
12 69 1.11465
12 70 1.36185
12 71 1.04043
12 72 1.07572
12 73 1.44506
12 74 1.1329
12 75 2.23988
12 76 1.40323
12 77 0.846971
12 78 1.82857
12 79 1.44085
12 80 0.824128
12 81 1.51576
12 82 1.08537
12 83 1.97848
12 84 0.652297
12 85 1.26621
12 86 0.570987
12 87 1.14907
12 88 0.785219
12 89 1.99914
12 90 1.70204
12 91 1.3801
12 92 1.36069
12 93 1.24305
12 94 2.19679
12 95 0.765963
12 96 1.64227
12 97 0.938643
12 98 1.52979
12 99 0.51849
13 14 1.21487
13 15 0.120028
13 16 1.52337
13 17 1.22884
13 18 1.53623
13 19 1.1165
13 20 1.10824
13 21 0.999317
13 22 0.975511
13 23 0.655265
13 24 0.894993
13 25 1.24594
13 26 1.24774
13 27 0.420938
13 28 1.25184
13 29 0.468766
13 30 1.34837
13 31 0.419303
13 32 0.162655
13 33 0.523844
13 34 0.70335
13 35 1.50259
13 36 1.04401
13 37 1.31301
13 38 1.36309
13 39 0.723995
13 40 0.096829
13 41 0.51981
13 42 1.13361
13 43 0.510523
13 44 1.4797
13 45 1.24883
13 46 0.370809
13 47 1.56726
13 48 1.57922
13 49 0.847997
13 50 1.0984
13 51 1.14971
13 52 0.840931
13 53 1.51699
13 54 0.998225
13 55 1.17055
13 56 1.48106
13 57 1.12706
13 58 1.14611
13 59 0.555458
13 60 0.69581
13 61 1.2788
13 62 0.907476
13 63 1.05557
13 64 0.38379
13 65 0.688315
13 66 1.09297
13 67 1.62318
13 68 1.23619
13 69 0.449693
13 70 0.736685
13 71 0.43152
13 72 0.572161
13 73 0.20568
13 74 0.227735
13 75 1.23927
13 76 0.477579
13 77 1.17507
13 78 1.88947
13 79 0.309598
13 80 0.502191
13 81 0.605371
13 82 0.561636
13 83 0.975134
13 84 0.794343
13 85 0.297852
13 86 1.27891
13 87 1.44353
13 88 0.52313
13 89 0.83647
13 90 0.400047
13 91 0.113555
13 92 0.74002
13 93 0.971942
13 94 1.17018
13 95 0.764667
13 96 1.31326
13 97 1.18456
13 98 0.319731
13 99 0.84403
14 15 1.32895
14 16 0.30852
14 17 1.34822
14 18 1.17147
14 19 1.42176
14 20 1.85693
14 21 1.82054
14 22 1.66353
14 23 0.614442
14 24 1.4824
14 25 0.585231
14 26 0.494937
14 27 1.46924
14 28 0.10256
14 29 1.42255
14 30 0.364672
14 31 1.23993
14 32 1.05477
14 33 1.34769
14 34 1.1234
14 35 0.744182
14 36 1.8291
14 37 1.04465
14 38 0.27093
14 39 1.67108
14 40 1.12724
14 41 1.28796
14 42 0.765663
14 43 0.726194
14 44 0.825387
14 45 0.753585
14 46 1.45565
14 47 0.765086
14 48 0.524246
14 49 0.500763
14 50 0.840407
14 51 0.587599
14 52 1.62526
14 53 1.20731
14 54 1.09021
14 55 0.056406
14 56 0.494938
14 57 0.710997
14 58 1.32686
14 59 1.66124
14 60 0.579836
14 61 0.547227
14 62 1.32234
14 63 1.54619
14 64 0.897121
14 65 0.916842
14 66 1.25575
14 67 0.932205
14 68 1.62145
14 69 1.24538
14 70 1.58624
14 71 0.80784
14 72 0.742807
14 73 1.26791
14 74 1.13539
14 75 1.80906
14 76 1.08701
14 77 0.23902
14 78 1.21199
14 79 1.20726
14 80 0.744927
14 81 1.15583
14 82 0.755786
14 83 1.57471
14 84 0.94227
14 85 1.03605
14 86 0.0859837
14 87 0.53316
14 88 0.797971
14 89 1.67751
14 90 1.54393
14 91 1.23818
14 92 0.928183
14 93 0.713992
14 94 1.78157
14 95 1.05594
14 96 1.06165
14 97 0.330837
14 98 1.31338
14 99 0.460441
15 16 1.63724
15 17 1.24311
15 18 1.58571
15 19 1.11457
15 20 1.044
15 21 0.928101
15 22 0.926772
15 23 0.75638
15 24 0.867761
15 25 1.33147
15 26 1.33919
15 27 0.340282
15 28 1.36836
15 29 0.488419
15 30 1.4492
15 31 0.483147
15 32 0.274219
15 33 0.491745
15 34 0.724802
15 35 1.58482
15 36 0.9767
15 37 1.36325
15 38 1.46914
15 39 0.643486
15 40 0.201831
15 41 0.502271
15 42 1.24779
15 43 0.630002
15 44 1.55508
15 45 1.36428
15 46 0.358667
15 47 1.68576
15 48 1.67938
15 49 0.968024
15 50 1.20961
15 51 1.23385
15 52 0.784067
15 53 1.56216
15 54 1.03183
15 55 1.28564
15 56 1.57872
15 57 1.20142
15 58 1.158
15 59 0.511662
15 60 0.815714
15 61 1.36746
15 62 0.905969
15 63 1.03203
15 64 0.502518
15 65 0.742685
15 66 1.11059
15 67 1.697
15 68 1.21731
15 69 0.513208
15 70 0.752247
15 71 0.534633
15 72 0.662761
15 73 0.180445
15 74 0.323434
15 75 1.19559
15 76 0.507938
15 77 1.28014
15 78 1.95607
15 79 0.311517
15 80 0.622085
15 81 0.619534
15 82 0.651305
15 83 0.940338
15 84 0.898532
15 85 0.363233
15 86 1.3945
15 87 1.53749
15 88 0.641698
15 89 0.7697
15 90 0.290908
15 91 0.12005
15 92 0.791525
15 93 1.04547
15 94 1.1235
15 95 0.859569
15 96 1.36193
15 97 1.28499
15 98 0.280005
15 99 0.963863
16 17 1.5351
16 18 1.2578
16 19 1.63686
16 20 2.11499
16 21 2.08919
16 22 1.92106
16 23 0.912596
16 24 1.73631
16 25 0.707488
16 26 0.614646
16 27 1.76885
16 28 0.293274
16 29 1.71911
16 30 0.414905
16 31 1.5351
16 32 1.36311
16 33 1.63508
16 34 1.38622
16 35 0.764882
16 36 2.0929
16 37 1.18006
16 38 0.297054
16 39 1.95786
16 40 1.43548
16 41 1.5739
16 42 0.940442
16 43 1.03246
16 44 0.872635
16 45 0.889928
16 46 1.75913
16 47 0.765726
16 48 0.421689
16 49 0.777236
16 50 1.02726
16 51 0.750171
16 52 1.89629
16 53 1.30526
16 54 1.30399
16 55 0.355386
16 56 0.465191
16 57 0.880905
16 58 1.52817
16 59 1.96348
16 60 0.877604
16 61 0.652497
16 62 1.56405
16 63 1.78219
16 64 1.20136
16 65 1.183
16 66 1.46144
16 67 0.939703
16 68 1.83538
16 69 1.53853
16 70 1.86897
16 71 1.11357
16 72 1.03763
16 73 1.5727
16 74 1.44046
16 75 2.04294
16 76 1.37484
16 77 0.434843
16 78 1.18138
16 79 1.50689
16 80 1.05018
16 81 1.43088
16 82 1.05075
16 83 1.82481
16 84 1.19503
16 85 1.33852
16 86 0.253733
16 87 0.541344
16 88 1.0959
16 89 1.95306
16 90 1.84831
16 91 1.54537
16 92 1.18599
16 93 0.929865
16 94 2.02304
16 95 1.31339
16 96 1.19882
16 97 0.498263
16 98 1.61383
16 99 0.746156
17 18 0.533612
17 19 0.19927
17 20 0.789809
17 21 0.848761
17 22 0.64234
17 23 0.957909
17 24 0.5067
17 25 0.836165
17 26 0.924443
17 27 1.02944
17 28 1.44791
17 29 1.69556
17 30 1.12943
17 31 1.60717
17 32 1.14966
17 33 0.792064
17 34 0.526027
17 35 0.916296
17 36 0.81343
17 37 0.413469
17 38 1.23952
17 39 0.94124
17 40 1.15964
17 41 0.756869
17 42 1.87292
17 43 1.24486
17 44 0.807418
17 45 1.93306
17 46 1.59432
17 47 2.0815
17 48 1.25642
17 49 1.44726
17 50 1.89847
17 51 0.784979
17 52 0.738356
17 53 0.476269
17 54 0.287901
17 55 1.35371
17 56 1.14845
17 57 0.654216
17 58 0.0873326
17 59 1.75299
17 60 1.33772
17 61 0.895399
17 62 0.357996
17 63 0.406397
17 64 1.32271
17 65 0.616162
17 66 0.138332
17 67 0.877914
17 68 0.340225
17 69 1.63466
17 70 1.96219
17 71 1.01642
17 72 0.882417
17 73 1.06304
17 74 1.39002
17 75 0.597312
17 76 0.752909
17 77 1.12301
17 78 0.992825
17 79 0.931974
17 80 1.26892
17 81 0.624992
17 82 0.879602
17 83 0.526248
17 84 1.74684
17 85 0.953751
17 86 1.43186
17 87 1.06294
17 88 1.38385
17 89 0.816289
17 90 1.17812
17 91 1.13445
17 92 0.566154
17 93 0.63771
17 94 0.616929
17 95 1.79143
17 96 0.395462
17 97 1.0432
17 98 0.979942
17 99 1.39645
18 19 0.729313
18 20 1.32317
18 21 1.3767
18 22 1.1691
18 23 1.04334
18 24 1.01503
18 25 0.586381
18 26 0.67707
18 27 1.45415
18 28 1.27286
18 29 1.97222
18 30 0.849698
18 31 1.84449
18 32 1.41399
18 33 1.21735
18 34 0.886553
18 35 0.509759
18 36 1.34448
18 37 0.223231
18 38 0.971834
18 39 1.43303
18 40 1.44868
18 41 1.16636
18 42 1.85359
18 43 1.36905
18 44 0.392463
18 45 1.88086
18 46 1.9047
18 47 1.93615
18 48 0.887317
18 49 1.45065
18 50 1.90297
18 51 0.603633
18 52 1.24828
18 53 0.0642619
18 54 0.574565
18 55 1.19856
18 56 0.80312
18 57 0.514395
18 58 0.597139
18 59 2.09015
18 60 1.39135
18 61 0.626529
18 62 0.834
18 63 0.937386
18 64 1.49965
18 65 0.847925
18 66 0.58559
18 67 0.394002
18 68 0.862654
18 69 1.86736
18 70 2.22517
18 71 1.19777
18 72 1.03337
18 73 1.41768
18 74 1.63918
18 75 1.12423
18 76 1.08063
18 77 0.933738
18 78 0.459274
18 79 1.28614
18 80 1.39703
18 81 0.99595
18 82 1.03757
18 83 1.0511
18 84 1.84258
18 85 1.2385
18 86 1.24127
18 87 0.720059
18 88 1.51275
18 89 1.32648
18 90 1.59818
18 91 1.46668
18 92 0.796445
18 93 0.625772
18 94 1.14926
18 95 1.91698
18 96 0.223793
18 97 0.841357
18 98 1.36385
18 99 1.39401
19 20 0.594933
19 21 0.649658
19 22 0.443073
19 23 0.956664
19 24 0.315246
19 25 0.959642
19 26 1.04098
19 27 0.868628
19 28 1.51749
19 29 1.58511
19 30 1.2448
19 31 1.51461
19 32 1.05959
19 33 0.638874
19 34 0.43854
19 35 1.07547
19 36 0.615369
19 37 0.586748
19 38 1.34686
19 39 0.751419
19 40 1.05801
19 41 0.614346
19 42 1.87505
19 43 1.21065
19 44 0.973181
19 45 1.94623
19 46 1.47182
19 47 2.12619
19 48 1.39445
19 49 1.4524
19 50 1.8911
19 51 0.893563
19 52 0.542996
19 53 0.673641
19 54 0.333442
19 55 1.41966
19 56 1.2826
19 57 0.766114
19 58 0.135617
19 59 1.61709
19 60 1.32769
19 61 1.01991
19 62 0.209216
19 63 0.208114
19 64 1.26348
19 65 0.587879
19 66 0.181431
19 67 1.05689
19 68 0.199755
19 69 1.54339
19 70 1.85309
19 71 0.970361
19 72 0.859837
19 73 0.934655
19 74 1.29806
19 75 0.425585
19 76 0.65626
19 77 1.21033
19 78 1.18839
19 79 0.809435
19 80 1.23204
19 81 0.516467
19 82 0.854191
19 83 0.327178
19 84 1.70778
19 85 0.864167
19 86 1.50728
19 87 1.19949
19 88 1.34211
19 89 0.620364
19 90 1.0163
19 91 1.01401
19 92 0.547753
19 93 0.71089
19 94 0.432037
19 95 1.7397
19 96 0.57052
19 97 1.1388
19 98 0.840477
19 99 1.40564
20 21 0.133406
20 22 0.193954
20 23 1.28443
20 24 0.379486
20 25 1.49431
20 26 1.56312
20 27 0.706034
20 28 1.94073
20 29 1.52365
20 30 1.75736
20 31 1.52328
20 32 1.13839
20 33 0.609593
20 34 0.733561
20 35 1.64772
20 36 0.0731172
20 37 1.17678
20 38 1.84347
20 39 0.419188
20 40 1.09871
20 41 0.644795
20 42 2.13152
20 43 1.42696
20 44 1.55305
20 45 2.22664
20 46 1.37554
20 47 2.47401
20 48 1.93561
20 49 1.74223
20 50 2.12261
20 51 1.41266
20 52 0.272289
20 53 1.26603
20 54 0.862658
20 55 1.84065
20 56 1.82086
20 57 1.29731
20 58 0.729717
20 59 1.45216
20 60 1.59191
20 61 1.55342
20 62 0.564607
20 63 0.38853
20 64 1.40488
20 65 0.940272
20 66 0.759479
20 67 1.6464
20 68 0.488035
20 69 1.55367
20 70 1.77564
20 71 1.19189
20 72 1.15775
20 73 0.903825
20 74 1.33338
20 75 0.261287
20 76 0.824356
20 77 1.68029
20 78 1.78244
20 79 0.837264
20 80 1.43882
20 81 0.71529
20 82 1.14691
20 83 0.298422
20 84 1.86503
20 85 0.98732
20 86 1.94208
20 87 1.74296
20 88 1.52344
20 89 0.274429
20 90 0.809502
20 91 0.995577
20 92 0.930479
20 93 1.19912
20 94 0.196663
20 95 1.85833
20 96 1.16154
20 97 1.62577
20 98 0.79032
20 99 1.70849
21 22 0.207671
21 23 1.23157
21 24 0.3808
21 25 1.49568
21 26 1.55859
21 27 0.588042
21 28 1.90013
21 29 1.40246
21 30 1.74688
21 31 1.41008
21 32 1.04204
21 33 0.522734
21 34 0.703336
21 35 1.66636
21 36 0.0610566
21 37 1.21441
21 38 1.82636
21 39 0.291915
21 40 0.99733
21 41 0.566757
21 42 2.05111
21 43 1.34791
21 44 1.57783
21 45 2.15015
21 46 1.25216
21 47 2.41022
21 48 1.93531
21 49 1.67252
21 50 2.0376
21 51 1.40923
21 52 0.196472
21 53 1.32251
21 54 0.878717
21 55 1.80053
21 56 1.82018
21 57 1.3005
21 58 0.779598
21 59 1.32276
21 60 1.51919
21 61 1.55354
21 62 0.575387
21 63 0.44285
21 64 1.31293
21 65 0.906558
21 66 0.797873
21 67 1.67985
21 68 0.577428
21 69 1.44035
21 70 1.65131
21 71 1.1196
21 72 1.10223
21 73 0.797509
21 74 1.22625
21 75 0.380724
21 76 0.758715
21 77 1.65632
21 78 1.83452
21 79 0.743745
21 80 1.35775
21 81 0.665868
21 82 1.09066
21 83 0.326007
21 84 1.76956
21 85 0.903839
21 86 1.90468
21 87 1.74533
21 88 1.4363
21 89 0.165724
21 90 0.6831
21 91 0.888112
21 92 0.904362
21 93 1.18991
21 94 0.307787
21 95 1.75691
21 96 1.20055
21 97 1.60797
21 98 0.685792
21 99 1.64195
22 23 1.09576
22 24 0.186588
22 25 1.30503
22 26 1.3721
22 27 0.603393
22 28 1.74791
22 29 1.41435
22 30 1.56505
22 31 1.39467
22 32 0.985547
22 33 0.456427
22 34 0.540416
22 35 1.46629
22 36 0.183226
22 37 1.00787
22 38 1.65013
22 39 0.369468
22 40 0.953463
22 41 0.480192
22 42 1.95711
22 43 1.25353
22 44 1.37519
22 45 2.04903
22 46 1.2742
22 47 2.28839
22 48 1.74608
22 49 1.56095
22 50 1.9522
22 51 1.22182
22 52 0.153889
22 53 1.11514
22 54 0.678648
22 55 1.64779
22 56 1.63114
22 57 1.10846
22 58 0.572054
22 59 1.3745
22 60 1.41301
22 61 1.36378
22 62 0.376681
22 63 0.238347
22 64 1.24433
22 65 0.747201
22 66 0.590725
22 67 1.47456
22 68 0.393319
22 69 1.42509
22 70 1.67435
22 71 1.01439
22 72 0.970589
22 73 0.769999
22 74 1.19485
22 75 0.271122
22 76 0.645313
22 77 1.48638
22 78 1.62685
22 79 0.685399
22 80 1.26705
22 81 0.52818
22 82 0.960128
22 83 0.118448
22 84 1.70647
22 85 0.821303
22 86 1.74877
22 87 1.55422
22 88 1.35702
22 89 0.210849
22 90 0.729434
22 91 0.861975
22 92 0.736622
22 93 1.00669
22 94 0.196948
22 95 1.70767
22 96 0.993757
22 97 1.43229
22 98 0.656289
22 99 1.52537
23 24 0.927
23 25 0.616115
23 26 0.602073
23 27 0.856296
23 28 0.680277
23 29 0.992208
23 30 0.69335
23 31 0.836503
23 32 0.494167
23 33 0.738194
23 34 0.566768
23 35 0.876945
23 36 1.24755
23 37 0.835787
23 38 0.715261
23 39 1.06077
23 40 0.559497
23 41 0.680514
23 42 0.919527
23 43 0.32587
23 44 0.877466
23 45 0.989913
23 46 0.970431
23 47 1.19553
23 48 0.924037
23 49 0.49575
23 50 0.940988
23 51 0.528041
23 52 1.03512
23 53 1.04652
23 54 0.670031
23 55 0.583795
23 56 0.826224
23 57 0.548564
23 58 0.904165
23 59 1.17657
23 60 0.380159
23 61 0.639287
23 62 0.802264
23 63 1.02574
23 64 0.470085
23 65 0.372926
23 66 0.830978
23 67 1.02239
23 68 1.14499
23 69 0.854721
23 70 1.22092
23 71 0.223834
23 72 0.130789
23 73 0.665798
23 74 0.658411
23 75 1.28249
23 76 0.479333
23 77 0.52548
23 78 1.30813
23 79 0.594299
23 80 0.353979
23 81 0.569261
23 82 0.143272
23 83 1.02372
23 84 0.810329
23 85 0.427975
23 86 0.692911
23 87 0.792126
23 88 0.46941
23 89 1.08006
23 90 0.939218
23 91 0.651035
23 92 0.408974
23 93 0.417599
23 94 1.24099
23 95 0.876067
23 96 0.844177
23 97 0.529364
23 98 0.701265
23 99 0.449518
24 25 1.11926
24 26 1.18566
24 27 0.580745
24 28 1.56847
24 29 1.35373
24 30 1.37848
24 31 1.31113
24 32 0.877001
24 33 0.376046
24 34 0.362966
24 35 1.28557
24 36 0.367219
24 37 0.840075
24 38 1.46399
24 39 0.436206
24 40 0.856529
24 41 0.375842
24 42 1.80886
24 43 1.11032
24 44 1.19749
24 45 1.89584
24 46 1.22522
24 47 2.1224
24 48 1.5601
24 49 1.40355
24 50 1.80968
24 51 1.03545
24 52 0.233683
24 53 0.964882
24 54 0.497953
24 55 1.46832
24 56 1.44511
24 57 0.922998
24 58 0.426405
24 59 1.35003
24 60 1.2601
24 61 1.17782
24 62 0.194658
24 63 0.165516
24 64 1.12044
24 65 0.56867
24 66 0.429586
24 67 1.30181
24 68 0.353695
24 69 1.34118
24 70 1.61955
24 71 0.866933
24 72 0.805661
24 73 0.695511
24 74 1.10181
24 75 0.36793
24 76 0.502212
24 77 1.30149
24 78 1.46843
24 79 0.588566
24 80 1.12631
24 81 0.370392
24 82 0.796047
24 83 0.0971909
24 84 1.5814
24 85 0.696595
24 86 1.56792
24 87 1.36864
24 88 1.22349
24 89 0.31201
24 90 0.723861
24 91 0.783969
24 92 0.554264
24 93 0.820122
24 94 0.316243
24 95 1.59302
24 96 0.82722
24 97 1.2463
24 98 0.587851
24 99 1.36508
25 26 0.0944342
25 27 1.32998
25 28 0.686919
25 29 1.60832
25 30 0.294784
25 31 1.45025
25 32 1.09241
25 33 1.1337
25 34 0.816351
25 35 0.260838
25 36 1.48644
25 37 0.474214
25 38 0.410594
25 39 1.4333
25 40 1.14928
25 41 1.07094
25 42 1.28786
25 43 0.918545
25 44 0.278876
25 45 1.30475
25 46 1.582
25 47 1.35021
25 48 0.441326
25 49 0.908412
25 50 1.34525
25 51 0.0990715
25 52 1.31695
25 53 0.62256
25 54 0.63791
25 55 0.612567
25 56 0.326781
25 57 0.197228
25 58 0.839759
25 59 1.78598
25 60 0.884117
25 61 0.0602767
25 62 0.929702
25 63 1.12921
25 64 1.08008
25 65 0.651651
25 66 0.778926
25 67 0.417838
25 68 1.15287
25 69 1.46711
25 70 1.83342
25 71 0.828269
25 72 0.674223
25 73 1.20138
25 74 1.27409
25 75 1.38061
25 76 0.902661
25 77 0.347408
25 78 0.711343
25 79 1.09197
25 80 0.946483
25 81 0.896961
25 82 0.684418
25 83 1.19602
25 84 1.33502
25 85 0.970893
25 86 0.656721
25 87 0.249662
25 88 1.05079
25 89 1.3856
25 90 1.44875
25 91 1.21519
25 92 0.62721
25 93 0.318976
25 94 1.37272
25 95 1.426
25 96 0.492643
25 97 0.255015
25 98 1.19465
25 99 0.851909
26 27 1.36114
26 28 0.59592
26 29 1.58952
26 30 0.205134
26 31 1.42594
26 32 1.09037
26 33 1.17497
26 34 0.86874
26 35 0.295817
26 36 1.5521
26 37 0.568487
26 38 0.317592
26 39 1.48175
26 40 1.15093
26 41 1.1118
26 42 1.21252
26 43 0.887221
26 44 0.344577
26 45 1.22418
26 46 1.5725
26 47 1.25912
26 48 0.378912
26 49 0.845587
26 50 1.27318
26 51 0.150558
26 52 1.37599
26 53 0.715081
26 54 0.71437
26 55 0.525049
26 56 0.264395
26 57 0.274885
26 58 0.92428
26 59 1.77848
26 60 0.835029
26 61 0.0547694
26 62 0.999225
26 63 1.20447
26 64 1.05435
26 65 0.69135
26 66 0.861345
26 67 0.472697
26 68 1.23618
26 69 1.44117
26 70 1.80649
26 71 0.821797
26 72 0.676726
26 73 1.21866
26 74 1.25888
26 75 1.45892
26 76 0.934547
26 77 0.259697
26 78 0.766303
26 79 1.11566
26 80 0.914562
26 81 0.942167
26 82 0.687969
26 83 1.26559
26 84 1.28081
26 85 0.98344
26 86 0.564384
26 87 0.202357
26 88 1.01362
26 89 1.44249
26 90 1.47393
26 91 1.22543
26 92 0.673244
26 93 0.369888
26 94 1.44805
26 95 1.37621
26 96 0.586848
26 97 0.16825
26 98 1.22061
26 99 0.789812
27 28 1.52797
27 29 0.818091
27 30 1.5091
27 31 0.823104
27 32 0.500838
27 33 0.239705
27 34 0.569961
27 35 1.56184
27 36 0.637611
27 37 1.24147
27 38 1.55517
27 39 0.304299
27 40 0.44078
27 41 0.28782
27 42 1.53097
27 43 0.853386
27 44 1.50793
27 45 1.64051
27 46 0.672855
27 47 1.93749
27 48 1.72986
27 49 1.1978
27 50 1.50414
27 51 1.23135
27 52 0.453997
27 53 1.41879
27 54 0.879621
27 55 1.43505
27 56 1.61994
27 57 1.16492
27 58 0.942121
27 59 0.774377
27 60 1.0398
27 61 1.37691
27 62 0.672307
27 63 0.745264
27 64 0.774142
27 65 0.681104
27 66 0.911147
27 67 1.64028
27 68 0.933798
27 69 0.85326
27 70 1.07357
27 71 0.671573
27 72 0.732533
27 73 0.236831
27 74 0.648299
27 75 0.874511
27 76 0.427393
27 77 1.367
27 78 1.86901
27 79 0.262052
27 80 0.855192
27 81 0.463109
27 82 0.719398
27 83 0.63684
27 84 1.21147
27 85 0.435851
27 86 1.54517
27 87 1.56338
27 88 0.909095
27 89 0.431691
27 90 0.14868
27 91 0.316974
27 92 0.714542
27 93 1.01546
27 94 0.799737
27 95 1.18557
27 96 1.2355
27 97 1.34868
27 98 0.156518
27 99 1.18027
28 29 1.42712
28 30 0.454486
28 31 1.24283
28 32 1.09465
28 33 1.41803
28 34 1.20751
28 35 0.837475
28 36 1.91074
28 37 1.14721
28 38 0.349176
28 39 1.74093
28 40 1.16778
28 41 1.35952
28 42 0.694971
28 43 0.750602
28 44 0.92253
28 45 0.671267
28 46 1.47118
28 47 0.663315
28 48 0.589636
28 49 0.484088
28 50 0.774722
28 51 0.690126
28 52 1.70419
28 53 1.30928
28 54 1.18703
28 55 0.100151
28 56 0.575228
28 57 0.813157
28 58 1.42489
28 59 1.67423
28 60 0.587745
28 61 0.647623
28 62 1.41253
28 63 1.63728
28 64 0.915395
28 65 1.00073
28 66 1.35333
28 67 1.0252
28 68 1.717
28 69 1.24579
28 70 1.57595
28 71 0.859552
28 72 0.810617
28 73 1.31929
28 74 1.15494
28 75 1.90016
28 76 1.15813
28 77 0.341431
28 78 1.30085
28 79 1.26686
28 80 0.766327
28 81 1.23434
28 82 0.823332
28 83 1.66179
28 84 0.908973
28 85 1.09253
28 86 0.0482449
28 87 0.62139
28 88 0.805282
28 89 1.75409
28 90 1.59529
28 91 1.28346
28 92 1.01516
28 93 0.812158
28 94 1.87076
28 95 1.02597
28 96 1.16419
28 97 0.432998
28 98 1.37154
28 99 0.453257
29 30 1.64537
29 31 0.18487
29 32 0.559938
29 33 0.978013
29 34 1.16954
29 35 1.86913
29 36 1.4543
29 37 1.75005
29 38 1.62938
29 39 1.11184
29 40 0.537202
29 41 0.982456
29 42 1.05919
29 43 0.715886
29 44 1.86595
29 45 1.18364
29 46 0.159661
29 47 1.54166
29 48 1.87256
29 49 0.950182
29 50 0.991457
29 51 1.51932
29 52 1.26954
29 53 1.95888
29 54 1.45576
29 55 1.36933
29 56 1.78952
29 57 1.52339
29 58 1.61363
29 59 0.274207
29 60 0.842896
29 61 1.62975
29 62 1.376
29 63 1.51689
29 64 0.5411
29 65 1.13106
29 66 1.55887
29 67 2.01115
29 68 1.70022
29 69 0.187343
29 70 0.267989
29 71 0.789155
29 72 0.953852
29 73 0.658634
29 74 0.337133
29 75 1.68374
29 76 0.94273
29 77 1.45558
29 78 2.29143
29 79 0.776548
29 80 0.691633
29 81 1.07367
29 82 0.946878
29 83 1.42829
29 84 0.65822
29 85 0.747945
29 86 1.46541
29 87 1.76945
29 88 0.624578
29 89 1.24958
29 90 0.72537
29 91 0.573012
29 92 1.1847
29 93 1.3746
29 94 1.61124
29 95 0.564422
29 96 1.75242
29 97 1.48996
29 98 0.766511
29 99 0.974347
30 31 1.47201
30 32 1.18666
30 33 1.33881
30 34 1.049
30 35 0.383957
30 36 1.74327
30 37 0.765333
30 38 0.122137
30 39 1.65312
30 40 1.25282
30 41 1.27567
30 42 1.12576
30 43 0.92982
30 44 0.476513
30 45 1.11815
30 46 1.64757
30 47 1.10462
30 48 0.231071
30 49 0.808773
30 50 1.19651
30 51 0.351439
30 52 1.56057
30 53 0.894352
30 54 0.916263
30 55 0.41007
30 56 0.148006
30 57 0.479259
30 58 1.12917
30 59 1.85558
30 60 0.836994
30 61 0.238105
30 62 1.1954
30 63 1.40461
30 64 1.10427
30 65 0.859692
30 66 1.0657
30 67 0.571146
30 68 1.44066
30 69 1.48347
30 70 1.8426
30 71 0.916873
30 72 0.792912
30 73 1.34637
30 74 1.32665
30 75 1.66084
30 76 1.08836
30 77 0.193475
30 78 0.847476
30 79 1.25488
30 80 0.954886
30 81 1.1133
30 82 0.805405
30 83 1.46108
30 84 1.25704
30 85 1.10715
30 86 0.413873
30 87 0.168603
30 88 1.03887
30 89 1.62441
30 90 1.61176
30 91 1.34127
30 92 0.849199
30 93 0.558363
30 94 1.64794
30 95 1.3626
30 96 0.78415
30 97 0.164263
30 98 1.36201
30 99 0.757553
31 32 0.457676
31 33 0.94272
31 34 1.08464
31 35 1.71045
31 36 1.45733
31 37 1.62457
31 38 1.45154
31 39 1.12663
31 40 0.458196
31 41 0.935289
31 42 0.892733
31 43 0.54289
31 44 1.71391
31 45 1.01697
31 46 0.277686
31 47 1.37096
31 48 1.69748
31 49 0.765313
31 50 0.831014
31 51 1.36434
31 52 1.25842
31 53 1.83567
31 54 1.35215
31 55 1.18633
31 56 1.6174
31 57 1.37814
31 58 1.52873
31 59 0.449628
31 60 0.660093
31 61 1.46825
31 62 1.30776
31 63 1.46944
31 64 0.371626
31 65 1.01782
31 66 1.46902
31 67 1.85888
31 68 1.64667
31 69 0.0304446
31 70 0.384827
31 71 0.648118
31 72 0.813826
31 73 0.62467
31 74 0.217309
31 75 1.65847
31 76 0.859669
31 77 1.28079
31 78 2.14344
31 79 0.722661
31 80 0.517248
31 81 0.998146
31 82 0.808457
31 83 1.39325
31 84 0.496384
31 85 0.654051
31 86 1.28148
31 87 1.60092
31 88 0.442419
31 89 1.24979
31 90 0.760127
31 91 0.532752
31 92 1.07193
31 93 1.23387
31 94 1.58948
31 95 0.418824
31 96 1.62849
31 97 1.31919
31 98 0.738486
31 99 0.789835
32 33 0.530653
32 34 0.627167
32 35 1.35085
32 36 1.07992
32 37 1.19133
32 38 1.20045
32 39 0.787845
32 40 0.0732632
32 41 0.507336
32 42 1.03032
32 43 0.365367
32 44 1.33331
32 45 1.13975
32 46 0.497129
32 47 1.44249
32 48 1.41761
32 49 0.709795
32 50 1.00572
32 51 0.997476
32 52 0.866209
32 53 1.3994
32 54 0.898919
32 55 1.01145
32 56 1.32038
32 57 0.982924
32 58 1.07106
32 59 0.695939
32 60 0.553638
32 61 1.1231
32 62 0.854524
32 63 1.02861
32 64 0.274802
32 65 0.571141
32 66 1.0116
32 67 1.47771
32 68 1.19979
32 69 0.485573
32 70 0.8202
32 71 0.270389
32 72 0.41859
32 73 0.264083
32 74 0.2404
32 75 1.2372
32 76 0.403403
32 77 1.01252
32 78 1.74951
32 79 0.301405
32 80 0.362081
32 81 0.543728
32 82 0.409023
32 83 0.965493
32 84 0.727597
32 85 0.196466
32 86 1.12039
32 87 1.28454
32 88 0.408268
32 89 0.87634
32 90 0.521126
32 91 0.198004
32 92 0.624831
32 93 0.829592
32 94 1.17346
32 95 0.722152
32 96 1.19326
32 97 1.02305
32 98 0.362326
32 99 0.699933
33 34 0.339532
33 35 1.35309
33 36 0.554528
33 37 1.00727
33 38 1.39819
33 39 0.323399
33 40 0.497063
33 41 0.0632313
33 42 1.52838
33 43 0.825356
33 44 1.29117
33 45 1.62773
33 46 0.849568
33 47 1.89413
33 48 1.55094
33 49 1.15354
33 50 1.51575
33 51 1.03686
33 52 0.337512
33 53 1.18068
33 54 0.642988
33 55 1.32059
33 56 1.43816
33 57 0.957493
33 58 0.704751
33 59 0.98126
33 60 0.998725
33 61 1.18457
33 62 0.436882
33 63 0.540383
33 64 0.795292
33 65 0.483675
33 66 0.671819
33 67 1.41924
33 68 0.72641
33 69 0.973029
33 70 1.24354
33 71 0.601027
33 72 0.607536
33 73 0.320922
33 74 0.73931
33 75 0.715982
33 76 0.260742
33 77 1.21508
33 78 1.63868
33 79 0.229456
33 80 0.835021
33 81 0.239882
33 82 0.594932
33 83 0.451783
33 84 1.25578
33 85 0.381115
33 86 1.42862
33 87 1.37521
33 88 0.915114
33 89 0.359098
33 90 0.387718
33 91 0.411156
33 92 0.5071
33 93 0.814981
33 94 0.648276
33 95 1.25257
33 96 1.0005
33 97 1.1842
33 98 0.211805
33 99 1.12552
34 35 1.02184
34 36 0.707187
34 37 0.671733
34 38 1.12416
34 39 0.617804
34 40 0.633854
34 41 0.283094
34 42 1.46569
34 43 0.781567
34 44 0.954693
34 45 1.54669
34 46 1.07073
34 47 1.76199
34 48 1.24765
34 49 1.05187
34 50 1.47373
34 51 0.723296
34 52 0.512722
34 53 0.854412
34 54 0.314399
34 55 1.10738
34 56 1.13298
34 57 0.6306
34 58 0.444945
34 59 1.23646
34 60 0.914839
34 61 0.870905
34 62 0.247328
34 63 0.462519
34 64 0.825263
34 65 0.206785
34 66 0.389629
34 67 1.08064
34 68 0.602334
34 69 1.11271
34 70 1.43621
34 71 0.537944
34 72 0.450284
34 73 0.547194
34 74 0.867341
34 75 0.716058
34 76 0.226926
34 77 0.952997
34 78 1.30002
34 79 0.414015
34 80 0.801243
34 81 0.109817
34 82 0.441896
34 83 0.458635
34 84 1.27334
34 85 0.430703
34 86 1.20852
34 87 1.06365
34 88 0.908203
34 89 0.575411
34 90 0.712083
34 91 0.612173
34 92 0.201248
34 93 0.499567
34 94 0.674576
34 95 1.30192
34 96 0.666208
34 97 0.905846
34 98 0.479867
34 99 1.01056
35 36 1.64952
35 37 0.505421
35 38 0.500051
35 39 1.63746
35 40 1.40619
35 41 1.29163
35 42 1.49239
35 43 1.17641
35 44 0.118599
35 45 1.49404
35 46 1.84202
35 47 1.48744
35 48 0.377604
35 49 1.13881
35 50 1.5574
35 51 0.353381
35 52 1.4996
35 53 0.565319
35 54 0.787895
35 55 0.784836
35 56 0.3005
35 57 0.396961
35 58 0.943644
35 59 2.04544
35 60 1.13072
35 61 0.246187
35 62 1.0911
35 63 1.26624
35 64 1.33982
35 65 0.880975
35 66 0.896502
35 67 0.188028
35 68 1.25343
35 69 1.72698
35 70 2.09316
35 71 1.0883
35 72 0.932269
35 73 1.44831
35 74 1.53489
35 75 1.50062
35 76 1.13731
35 77 0.531163
35 78 0.475126
35 79 1.33369
35 80 1.20415
35 81 1.11334
35 82 0.942042
35 83 1.3514
35 84 1.57634
35 85 1.22245
35 86 0.797698
35 87 0.225436
35 88 1.3061
35 89 1.5725
35 90 1.687
35 91 1.46728
35 92 0.848421
35 93 0.548389
35 94 1.50503
35 95 1.67202
35 96 0.524349
35 97 0.44897
35 98 1.4334
35 99 1.08351
36 37 1.18877
36 38 1.82587
36 39 0.347125
36 40 1.03787
36 41 0.594016
36 42 2.08129
36 43 1.37705
36 44 1.5582
36 45 2.17839
36 46 1.30529
36 47 2.43224
36 48 1.92717
36 49 1.69717
36 50 2.0701
36 51 1.40209
36 52 0.218528
36 53 1.28899
36 54 0.861839
36 55 1.81085
36 56 1.81214
36 57 1.29022
36 58 0.747822
36 59 1.37976
36 60 1.54525
36 61 1.54493
36 62 0.559524
36 63 0.40728
36 64 1.3487
36 65 0.912724
36 66 0.771008
36 67 1.6565
36 68 0.529309
36 69 1.48768
36 70 1.70507
36 71 1.1451
36 72 1.11935
36 73 0.840572
36 74 1.27008
36 75 0.322084
36 76 0.780203
36 77 1.65891
36 78 1.80326
36 79 0.779731
36 80 1.38793
36 81 0.678918
36 82 1.10812
36 83 0.299715
36 84 1.80737
36 85 0.934783
36 86 1.91376
36 87 1.73585
36 88 1.46964
36 89 0.207643
36 90 0.737988
36 91 0.931904
36 92 0.906907
36 93 1.18513
36 94 0.250938
36 95 1.79785
36 96 1.1743
36 97 1.60764
36 98 0.727709
36 99 1.66501
37 38 0.88393
37 39 1.24115
37 40 1.22551
37 41 0.953902
37 42 1.68121
37 43 1.15986
37 44 0.394292
37 45 1.71844
37 46 1.68151
37 47 1.80632
37 48 0.859883
37 49 1.26784
37 50 1.72445
37 51 0.457288
37 52 1.06943
37 53 0.212195
37 54 0.366585
37 55 1.06342
37 56 0.757918
37 57 0.341716
37 58 0.451442
37 59 1.86704
37 60 1.19572
37 61 0.527601
37 62 0.649921
37 63 0.788604
37 64 1.28423
37 65 0.624697
37 66 0.417877
37 67 0.470263
37 68 0.753172
37 69 1.64789
37 70 2.00416
37 71 0.979479
37 72 0.81635
37 73 1.19639
37 74 1.41783
37 75 1.0066
37 76 0.859373
37 77 0.806468
37 78 0.636308
37 79 1.06545
37 80 1.18751
37 81 0.780165
37 82 0.819857
37 83 0.889667
37 84 1.6425
37 85 1.01526
37 86 1.12169
37 87 0.671296
37 88 1.30418
37 89 1.14665
37 90 1.38366
37 91 1.24405
37 92 0.573305
37 93 0.422095
37 94 1.01863
37 95 1.71182
37 96 0.0193655
37 97 0.716738
37 98 1.14559
37 99 1.21195
38 39 1.71702
38 40 1.26939
38 41 1.33553
38 42 1.03626
38 43 0.915155
38 44 0.596926
38 45 1.01968
38 46 1.64341
38 47 0.987541
38 48 0.258357
38 49 0.750924
38 50 1.11133
38 51 0.455461
38 52 1.63687
38 53 1.01632
38 54 1.01542
38 55 0.323053
38 56 0.226117
38 57 0.585829
38 58 1.23505
38 59 1.85137
38 60 0.80073
38 61 0.356466
38 62 1.28551
38 63 1.49944
38 64 1.0906
38 65 0.927447
38 66 1.16961
38 67 0.685296
38 68 1.54435
38 69 1.46066
38 70 1.81355
38 71 0.934537
38 72 0.8269
38 73 1.37921
38 74 1.32083
38 75 1.75819
38 76 1.14236
38 77 0.189907
38 78 0.954005
38 79 1.29661
38 80 0.938296
38 81 1.18029
38 82 0.839848
38 83 1.54945
38 84 1.19885
38 85 1.13994
38 86 0.305009
38 87 0.277035
38 88 1.01167
38 89 1.69791
38 90 1.64976
38 91 1.36609
38 92 0.922954
38 93 0.647083
38 94 1.7419
38 95 1.3089
38 96 0.902573
38 97 0.218396
38 98 1.40434
38 99 0.703781
39 40 0.734757
39 41 0.38396
39 42 1.8145
39 43 1.121
39 44 1.56458
39 45 1.91982
39 46 0.960604
39 47 2.20124
39 48 1.86001
39 49 1.45881
39 50 1.7932
39 51 1.33894
39 52 0.221068
39 53 1.38711
39 54 0.877735
39 55 1.64373
39 56 1.74606
39 57 1.24832
39 58 0.858592
39 59 1.03307
39 60 1.30176
39 61 1.4869
39 62 0.599688
39 63 0.575743
39 64 1.06255
39 65 0.793528
39 66 0.851334
39 67 1.68343
39 68 0.75327
39 69 1.15668
39 70 1.35945
39 71 0.911439
39 72 0.930309
39 73 0.529973
39 74 0.95169
39 75 0.627587
39 76 0.584132
39 77 1.53569
39 78 1.8771
39 79 0.505086
39 80 1.12685
39 81 0.540245
39 82 0.917607
39 83 0.447843
39 84 1.50949
39 85 0.679699
39 86 1.75191
39 87 1.67925
39 88 1.19305
39 89 0.160769
39 90 0.391218
39 91 0.616667
39 92 0.808525
39 93 1.11511
39 94 0.55012
39 95 1.48784
39 96 1.23087
39 97 1.50144
39 98 0.425554
39 99 1.43475
40 41 0.48175
40 42 1.09158
40 43 0.437187
40 44 1.38435
40 45 1.203
40 46 0.456054
40 47 1.51052
40 48 1.48353
40 49 0.780637
40 50 1.06338
40 51 1.0532
40 52 0.827551
40 53 1.43124
40 54 0.919393
40 55 1.08425
40 56 1.38486
40 57 1.03214
40 58 1.07871
40 59 0.647521
40 60 0.625165
40 61 1.18199
40 62 0.85036
40 63 1.01271
40 64 0.33432
40 65 0.601362
40 66 1.02246
40 67 1.52809
40 68 1.18868
40 69 0.487643
40 70 0.80275
40 71 0.336066
40 72 0.475379
40 73 0.205235
40 74 0.245337
40 75 1.21086
40 76 0.406986
40 77 1.08089
40 78 1.79594
40 79 0.269511
40 80 0.432701
40 81 0.542151
40 82 0.464911
40 83 0.941674
40 84 0.774982
40 85 0.212182
40 86 1.19331
40 87 1.34686
40 88 0.471374
40 89 0.832143
40 90 0.451107
40 91 0.128831
40 92 0.653995
40 93 0.877382
40 94 1.14471
40 95 0.759981
40 96 1.2264
40 97 1.08886
40 98 0.312035
40 99 0.771987
41 42 1.48744
41 43 0.783065
41 44 1.23108
41 45 1.58448
41 46 0.860808
41 47 1.8447
41 48 1.48772
41 49 1.10587
41 50 1.47782
41 51 0.973959
41 52 0.375494
41 53 1.13145
41 54 0.591883
41 55 1.26169
41 56 1.37495
41 57 0.895652
41 58 0.669919
41 59 1.00288
41 60 0.952456
41 61 1.12161
41 62 0.40755
41 63 0.535795
41 64 0.764273
41 65 0.420557
41 66 0.632037
41 67 1.36022
41 68 0.717784
41 69 0.965344
41 70 1.24962
41 71 0.552887
41 72 0.549727
41 73 0.324456
41 74 0.726704
41 75 0.730246
41 76 0.201389
41 77 1.15282
41 78 1.5831
41 79 0.212853
41 80 0.794283
41 81 0.179557
41 82 0.537304
41 83 0.459957
41 84 1.22632
41 85 0.34284
41 86 1.36933
41 87 1.31213
41 88 0.879286
41 89 0.406384
41 90 0.432746
41 91 0.410077
41 92 0.444728
41 93 0.75234
41 94 0.666144
41 95 1.22867
41 96 0.947773
41 97 1.12129
41 98 0.226153
41 99 1.07607
42 43 0.704561
42 44 1.557
42 45 0.124469
42 46 1.16959
42 47 0.485192
42 48 1.28417
42 49 0.425661
42 50 0.0921801
42 51 1.25139
42 52 1.86284
42 53 1.87556
42 54 1.58558
42 55 0.716313
42 56 1.26049
42 57 1.3439
42 58 1.82274
42 59 1.3334
42 60 0.550856
42 61 1.26727
42 62 1.71036
42 63 1.92784
42 64 0.757269
42 65 1.28784
42 66 1.74921
42 67 1.67866
42 68 2.05998
42 69 0.878743
42 70 1.0999
42 71 0.943237
42 72 1.01833
42 73 1.29414
42 74 0.935541
42 75 2.17507
42 76 1.3121
42 77 0.961364
42 78 1.96662
42 79 1.31244
42 80 0.693442
42 81 1.43847
42 82 1.02545
42 83 1.90561
42 84 0.401366
42 85 1.14727
42 86 0.742866
42 87 1.29382
42 88 0.622224
42 89 1.88681
42 90 1.53351
42 91 1.21924
42 92 1.32752
42 93 1.27147
42 94 2.12457
42 95 0.507252
42 96 1.69439
42 97 1.04693
42 98 1.39008
42 99 0.477305
43 44 1.18982
43 45 0.802409
43 46 0.731643
43 47 1.08428
43 48 1.15668
43 49 0.345481
43 50 0.699633
43 51 0.838578
43 52 1.15854
43 53 1.37121
43 54 0.96129
43 55 0.677088
43 56 1.07472
43 57 0.872127
43 58 1.18121
43 59 0.938741
43 60 0.188382
43 61 0.931713
43 62 1.02889
43 63 1.23808
43 64 0.175457
43 65 0.630413
43 66 1.11089
43 67 1.33343
43 68 1.38367
43 69 0.555914
43 70 0.919774
43 71 0.244645
43 72 0.363413
43 73 0.621003
43 74 0.409796
43 75 1.47801
43 76 0.60979
43 77 0.739693
43 78 1.62332
43 79 0.615928
43 80 0.0283492
43 81 0.741007
43 82 0.365432
43 83 1.20633
43 84 0.501989
43 85 0.44491
43 86 0.781837
43 87 1.05841
43 88 0.144465
43 89 1.18437
43 90 0.886112
43 91 0.563207
43 92 0.678877
43 93 0.743403
43 94 1.42455
43 95 0.555042
43 96 1.16759
43 97 0.776302
43 98 0.703221
43 99 0.334835
44 45 1.56653
44 46 1.82885
44 47 1.57996
44 48 0.49518
44 49 1.18592
44 50 1.61765
44 51 0.351273
44 52 1.41686
44 53 0.447087
44 54 0.700139
44 55 0.861489
44 56 0.412158
44 57 0.353665
44 58 0.839652
44 59 2.02922
44 60 1.1626
44 61 0.289908
44 62 1.00289
44 63 1.16838
44 64 1.34652
44 65 0.831683
44 66 0.796598
44 67 0.145199
44 68 1.14637
44 69 1.73216
44 70 2.09839
44 71 1.07832
44 72 0.91677
44 73 1.41002
44 74 1.52945
44 75 1.39691
44 76 1.08885
44 77 0.599451
44 78 0.434152
44 79 1.29025
44 80 1.218
44 81 1.05161
44 82 0.925356
44 83 1.25888
44 84 1.61388
44 85 1.19189
44 86 0.885507
44 87 0.331458
44 88 1.32492
44 89 1.49127
44 90 1.63818
44 91 1.43603
44 92 0.793905
44 93 0.509636
44 94 1.40452
44 95 1.70431
44 96 0.412777
44 97 0.51074
44 98 1.38635
44 99 1.1296
45 46 1.29364
45 47 0.362479
45 48 1.25837
45 49 0.495324
45 50 0.202603
45 51 1.27726
45 52 1.95987
45 53 1.90667
45 54 1.64737
45 55 0.709528
45 56 1.24575
45 57 1.37788
45 58 1.88706
45 59 1.45785
45 60 0.636239
45 61 1.27881
45 62 1.7888
45 63 2.00916
45 64 0.869094
45 65 1.362
45 66 1.81319
45 67 1.68175
45 68 2.13473
45 69 1.00315
45 70 1.22051
45 71 1.03503
45 72 1.09673
45 73 1.40383
45 74 1.05512
45 75 2.2601
45 76 1.40385
45 77 0.967117
45 78 1.96491
45 79 1.41587
45 80 0.793968
45 81 1.52604
45 82 1.10482
45 83 1.99292
45 84 0.525705
45 85 1.24723
45 86 0.717447
45 87 1.28671
45 88 0.731807
45 89 1.98677
45 90 1.64809
45 91 1.33132
45 92 1.3988
45 93 1.31798
45 94 2.21205
45 95 0.630131
45 96 1.73257
45 97 1.05632
45 98 1.49697
45 99 0.54059
46 47 1.64561
46 48 1.87765
46 49 1.00858
46 50 1.10869
46 51 1.48905
46 52 1.1266
46 53 1.88673
46 54 1.36884
46 55 1.40482
46 56 1.78798
46 57 1.47961
46 58 1.51032
46 59 0.208113
46 60 0.883666
46 61 1.60886
46 62 1.26284
46 63 1.38993
46 64 0.558569
46 65 1.05711
46 66 1.45972
46 67 1.97356
46 68 1.5757
46 69 0.295493
46 70 0.400721
46 71 0.753751
46 72 0.912208
46 73 0.53733
46 74 0.322654
46 75 1.54483
46 76 0.846661
46 77 1.46265
46 78 2.24661
46 79 0.663908
46 80 0.71124
46 81 0.969335
46 82 0.903491
46 83 1.2953
46 84 0.774066
46 85 0.666795
46 86 1.50618
46 87 1.76043
46 88 0.668246
46 89 1.10243
46 90 0.571299
46 91 0.460015
46 92 1.10942
46 93 1.32666
46 94 1.47107
46 95 0.692882
46 96 1.68227
46 97 1.48755
46 98 0.638217
46 99 1.02467
47 48 1.18209
47 49 0.742451
47 50 0.564233
47 51 1.34928
47 52 2.21553
47 53 1.9724
47 54 1.80651
47 55 0.742904
47 56 1.20314
47 57 1.46795
47 58 2.04833
47 59 1.81564
47 60 0.899865
47 61 1.31043
47 62 1.99226
47 63 2.21764
47 64 1.18348
47 65 1.56298
47 66 1.97489
47 67 1.67271
47 68 2.32234
47 69 1.35887
47 70 1.58274
47 71 1.29313
47 72 1.31801
47 73 1.70369
47 74 1.38937
47 75 2.4767
47 76 1.65218
47 77 1.00387
47 78 1.93429
47 79 1.6971
47 80 1.08254
47 81 1.76022
47 82 1.32831
47 83 2.21921
47 84 0.885609
47 85 1.52155
47 86 0.695968
47 87 1.26421
47 88 1.04415
47 89 2.25107
47 90 1.96121
47 91 1.63921
47 92 1.59085
47 93 1.44515
47 94 2.43646
47 95 0.992306
47 96 1.82279
47 97 1.0959
47 98 1.78731
47 99 0.768692
48 49 1.00912
48 50 1.36214
48 51 0.526373
48 52 1.75416
48 53 0.942186
48 54 1.07804
48 55 0.578443
48 56 0.115134
48 57 0.638471
48 58 1.26989
48 59 2.08572
48 60 1.0537
48 61 0.382302
48 62 1.37101
48 63 1.5692
48 64 1.33172
48 65 1.06803
48 66 1.21304
48 67 0.532536
48 68 1.58376
48 69 1.70801
48 70 2.06447
48 71 1.1477
48 72 1.02105
48 73 1.57347
48 74 1.55627
48 75 1.81799
48 76 1.30574
48 77 0.416987
48 78 0.760142
48 79 1.47857
48 80 1.18115
48 81 1.32003
48 82 1.03337
48 83 1.63735
48 84 1.45719
48 85 1.33473
48 86 0.542209
48 87 0.19496
48 88 1.2609
48 89 1.82115
48 90 1.83639
48 91 1.57061
48 92 1.05171
48 93 0.748573
48 94 1.81246
48 95 1.56698
48 96 0.879245
48 97 0.394674
48 98 1.58512
48 99 0.961453
49 50 0.457733
49 51 0.857118
49 52 1.47929
49 53 1.46781
49 54 1.15994
49 55 0.444461
49 56 0.95529
49 57 0.936651
49 58 1.39745
49 59 1.20601
49 60 0.15802
49 61 0.898859
49 62 1.29349
49 63 1.5142
49 64 0.473359
49 65 0.866954
49 66 1.32384
49 67 1.31824
49 68 1.63979
49 69 0.766033
49 70 1.09189
49 71 0.55301
49 72 0.601671
49 73 0.966382
49 74 0.70598
49 75 1.76634
49 76 0.917887
49 77 0.620829
49 78 1.61185
49 79 0.954717
49 80 0.347937
49 81 1.03494
49 82 0.609999
49 83 1.50073
49 84 0.448782
49 85 0.779151
49 86 0.526411
49 87 0.967122
49 88 0.343326
49 89 1.51167
49 90 1.23092
49 91 0.907798
49 92 0.90466
49 93 0.85198
49 94 1.71975
49 95 0.558056
49 96 1.28003
49 97 0.692055
49 98 1.0461
49 99 0.0568601
50 51 1.30358
50 52 1.85217
50 53 1.9224
50 54 1.61059
50 55 0.789242
50 56 1.33396
50 57 1.39049
50 58 1.84492
50 59 1.26532
50 60 0.563588
50 61 1.32776
50 62 1.72007
50 63 1.93418
50 64 0.730935
50 65 1.30325
50 66 1.77188
50 67 1.74247
50 68 2.07235
50 69 0.814932
50 70 1.01854
50 71 0.942851
50 72 1.03143
50 73 1.26785
50 74 0.891744
50 75 2.17714
50 76 1.30939
50 77 1.02648
50 78 2.03239
50 79 1.29525
50 80 0.685171
50 81 1.43983
50 82 1.03754
50 83 1.90585
50 84 0.334779
50 85 1.13548
50 86 0.82288
50 87 1.36374
50 88 0.601601
50 89 1.87247
50 90 1.49817
50 91 1.18934
50 92 1.34537
50 93 1.30969
50 94 2.12417
50 95 0.431604
50 96 1.73693
50 97 1.10964
50 98 1.3677
50 99 0.512854
51 52 1.22785
51 53 0.630826
51 54 0.564995
51 55 0.606413
51 56 0.411264
51 57 0.130769
51 58 0.779736
51 59 1.69215
51 60 0.818554
51 61 0.148017
51 62 0.84868
51 63 1.05439
51 64 0.995868
51 65 0.554018
51 66 0.715025
51 67 0.495384
51 68 1.09
51 69 1.38208
51 70 1.74844
51 71 0.735518
51 72 0.578905
51 73 1.10255
51 74 1.1839
51 75 1.30965
51 76 0.803979
51 77 0.350281
51 78 0.78487
51 79 0.992894
51 80 0.866772
51 81 0.801119
51 82 0.588744
51 83 1.11506
51 84 1.27203
51 85 0.872705
51 86 0.665751
51 87 0.340421
51 88 0.974296
51 89 1.29525
51 90 1.34972
51 91 1.1172
51 92 0.5313
51 93 0.223892
51 94 1.29792
51 95 1.35852
51 96 0.474114
51 97 0.262947
51 98 1.09562
51 99 0.800263
52 53 1.1985
52 54 0.717563
52 55 1.60468
52 56 1.63909
52 57 1.12401
52 58 0.659538
52 59 1.2221
52 60 1.32698
52 61 1.37378
52 62 0.419576
52 63 0.35712
52 64 1.13274
52 65 0.713299
52 66 0.66269
52 67 1.52643
52 68 0.532268
52 69 1.28886
52 70 1.52723
52 71 0.926888
52 72 0.905865
52 73 0.635544
52 74 1.06435
52 75 0.422993
52 76 0.563415
52 77 1.46447
52 78 1.70048
52 79 0.564999
52 80 1.16954
52 81 0.469852
52 82 0.894335
52 83 0.228035
52 84 1.59274
52 85 0.716704
52 86 1.70918
52 87 1.56635
52 88 1.25219
52 89 0.078327
52 90 0.576343
52 91 0.727653
52 92 0.71392
52 93 1.00621
52 94 0.346965
52 95 1.58668
52 96 1.05725
52 97 1.41857
52 98 0.521536
52 99 1.44772
53 54 0.540329
53 55 1.23216
53 56 0.854828
53 57 0.531974
53 58 0.543267
53 59 2.06918
53 60 1.40213
53 61 0.666297
53 62 0.787433
53 63 0.881712
53 64 1.49642
53 65 0.829917
53 66 0.536714
53 67 0.456867
53 68 0.801753
53 69 1.85921
53 70 2.21439
53 71 1.19138
53 72 1.02849
53 73 1.39164
53 74 1.62789
53 75 1.06353
53 76 1.05515
53 77 0.968637
53 78 0.517574
53 79 1.25929
53 80 1.39895
53 81 0.964188
53 82 1.03191
53 83 0.99753
53 84 1.85106
53 85 1.21993
53 86 1.27921
53 87 0.770651
53 88 1.51543
53 89 1.2768
53 90 1.56405
53 91 1.44385
53 92 0.777323
53 93 0.630641
53 94 1.09009
53 95 1.92221
53 96 0.207181
53 97 0.876506
53 98 1.33364
53 99 1.41143
54 55 1.09005
54 56 0.964232
54 57 0.441214
54 58 0.242
54 59 1.54256
54 60 1.04993
54 61 0.697943
54 62 0.30333
54 63 0.491311
54 64 1.04855
54 65 0.339437
54 66 0.168379
54 67 0.809504
54 68 0.532925
54 69 1.37837
54 70 1.71878
54 71 0.739043
54 72 0.597952
54 73 0.857241
54 74 1.1369
54 75 0.744663
54 76 0.524404
54 77 0.876901
54 78 1.00234
54 79 0.724071
54 80 0.986021
54 81 0.424214
54 82 0.595971
54 83 0.564838
54 84 1.46302
54 85 0.707835
54 86 1.17546
54 87 0.883863
54 88 1.10196
54 89 0.792903
54 90 1.0241
54 91 0.915841
54 92 0.286617
54 93 0.377674
54 94 0.734811
54 95 1.51156
54 96 0.358482
54 97 0.805765
54 98 0.794186
54 99 1.10956
55 56 0.544752
55 57 0.725839
55 58 1.32881
55 59 1.60988
55 60 0.526438
55 61 0.578573
55 62 1.31277
55 63 1.53767
55 64 0.84658
55 65 0.900602
55 66 1.25688
55 67 0.97273
55 68 1.61902
55 69 1.19136
55 70 1.53089
55 71 0.769489
55 72 0.713638
55 73 1.22982
55 74 1.08541
55 75 1.80053
55 76 1.06035
55 77 0.265508
55 78 1.25551
55 79 1.17343
55 80 0.695
55 81 1.13483
55 82 0.726455
55 83 1.56167
55 84 0.885971
55 85 1.0004
55 86 0.110288
55 87 0.578567
55 88 0.744835
55 89 1.65505
55 90 1.50596
55 91 1.19726
55 92 0.915071
55 93 0.716715
55 94 1.7708
55 95 0.999542
55 96 1.07993
55 97 0.357749
55 98 1.27881
55 99 0.404671
56 57 0.524008
56 58 1.15933
56 59 1.99575
56 60 0.984923
56 61 0.267438
56 62 1.25626
56 63 1.45552
56 64 1.24855
56 65 0.954834
56 66 1.1013
56 67 0.475433
56 68 1.4732
56 69 1.62935
56 70 1.98937
56 71 1.05
56 72 0.917739
56 73 1.46811
56 74 1.46817
56 75 1.70539
56 76 1.19475
56 77 0.341354
56 78 0.731954
56 79 1.37051
56 80 1.10016
56 81 1.2063
56 82 0.9298
56 83 1.52265
56 84 1.40387
56 85 1.23016
56 86 0.530596
56 87 0.0866263
56 88 1.18587
56 89 1.7062
56 90 1.72871
56 91 1.46827
56 92 0.937589
56 93 0.633702
56 94 1.69891
56 95 1.51007
56 96 0.777263
56 97 0.300492
56 98 1.4766
56 99 0.904625
57 58 0.650104
57 59 1.67829
57 60 0.87905
57 61 0.256949
57 62 0.732745
57 63 0.932371
57 64 1.01723
57 65 0.484269
57 66 0.586516
57 67 0.496203
57 68 0.961426
57 69 1.39813
57 70 1.76287
57 71 0.734255
57 72 0.569912
57 73 1.05744
57 74 1.18626
57 75 1.185
57 76 0.741054
57 77 0.4765
57 78 0.768282
57 79 0.93958
57 80 0.900453
57 81 0.718166
57 82 0.577552
57 83 0.998969
57 84 1.33192
57 85 0.83824
57 86 0.79112
57 87 0.445774
57 88 1.01332
57 89 1.19393
57 90 1.291
57 91 1.08237
57 92 0.451666
57 93 0.155977
57 94 1.17594
57 95 1.41073
57 96 0.356944
57 97 0.391788
57 98 1.03782
57 99 0.880115
58 59 1.66729
58 60 1.28224
58 61 0.899815
58 62 0.27097
58 63 0.341628
58 64 1.25199
58 65 0.550805
58 66 0.0739636
58 67 0.921442
58 68 0.313896
58 69 1.55654
58 70 1.88069
58 71 0.948487
58 72 0.821015
58 73 0.977749
58 74 1.31144
58 75 0.557319
58 76 0.671728
58 77 1.10779
58 78 1.0555
58 79 0.847224
58 80 1.20452
58 81 0.541204
58 82 0.817276
58 83 0.45428
58 84 1.68268
58 85 0.87473
58 86 1.41156
58 87 1.07516
58 88 1.31825
58 89 0.737772
58 90 1.0908
58 91 1.05032
58 92 0.503273
58 93 0.612879
58 94 0.56719
58 95 1.72356
58 96 0.435054
58 97 1.03197
58 98 0.893433
58 99 1.34803
59 60 1.08651
59 61 1.81405
59 62 1.41025
59 63 1.51551
59 64 0.764814
59 65 1.24273
59 66 1.6215
59 67 2.17353
59 68 1.70365
59 69 0.458041
59 70 0.378737
59 71 0.958011
59 72 1.11387
59 73 0.690433
59 74 0.530547
59 75 1.64504
59 76 1.01818
59 77 1.67076
59 78 2.44335
59 79 0.822874
59 80 0.917793
59 81 1.13083
59 82 1.10465
59 83 1.41087
59 84 0.932398
59 85 0.852943
59 86 1.71014
59 87 1.96747
59 88 0.869341
59 89 1.1862
59 90 0.646356
59 91 0.626784
59 92 1.29373
59 93 1.52418
59 94 1.56901
59 95 0.836803
59 96 1.86675
59 97 1.69536
59 98 0.77675
59 99 1.22507
60 61 0.885113
60 62 1.15971
60 63 1.37704
60 64 0.331646
60 65 0.739813
60 66 1.20949
60 67 1.3014
60 68 1.51032
60 69 0.665916
60 70 1.01317
60 71 0.400185
60 72 0.468527
60 73 0.808704
60 74 0.570216
60 75 1.62532
60 76 0.768118
60 77 0.643569
60 78 1.59534
60 79 0.797275
60 80 0.19363
60 81 0.890019
60 82 0.475166
60 83 1.3571
60 84 0.453896
60 85 0.622376
60 86 0.623969
60 87 0.982847
60 88 0.218484
60 89 1.35743
60 90 1.07449
60 91 0.751547
60 92 0.78182
60 93 0.773857
60 94 1.57622
60 95 0.541984
60 96 1.20613
60 97 0.698925
60 98 0.888117
60 99 0.14849
61 62 0.98883
61 63 1.18921
61 64 1.09696
61 65 0.701375
61 66 0.839166
61 67 0.419486
61 68 1.21302
61 69 1.48409
61 70 1.84991
61 71 0.856197
61 72 0.706704
61 73 1.24199
61 74 1.29749
61 75 1.44084
61 76 0.949563
61 77 0.313564
61 78 0.713461
61 79 1.13547
61 80 0.959295
61 81 0.949111
61 82 0.717475
61 83 1.25523
61 84 1.33244
61 85 1.009
61 86 0.61492
61 87 0.192845
61 88 1.06024
61 89 1.44184
61 90 1.49315
61 91 1.25238
61 92 0.679303
61 93 0.371799
61 94 1.43275
61 95 1.42677
61 96 0.546327
61 97 0.222633
61 98 1.23924
61 99 0.842919
62 63 0.226008
62 64 1.06837
62 65 0.430032
62 66 0.252298
62 67 1.10838
62 68 0.355272
62 69 1.33676
62 70 1.64399
62 71 0.785178
62 72 0.692483
62 73 0.725855
62 74 1.09175
62 75 0.488169
62 76 0.452407
62 77 1.12983
62 78 1.28245
62 79 0.600221
62 80 1.04851
62 81 0.310883
62 82 0.684998
62 83 0.266458
62 84 1.51964
62 85 0.660424
62 86 1.40829
62 87 1.17846
62 88 1.15489
62 89 0.496736
62 90 0.820927
62 91 0.804799
62 92 0.40231
62 93 0.638639
62 94 0.459892
62 95 1.54548
62 96 0.63795
62 97 1.06937
62 98 0.633542
62 99 1.25029
63 64 1.26232
63 65 0.654774
63 66 0.3723
63 67 1.25858
63 68 0.188538
63 69 1.4993
63 70 1.78324
63 71 0.993435
63 72 0.912528
63 73 0.858278
63 74 1.25793
63 75 0.262902
63 76 0.639884
63 77 1.34922
63 78 1.39638
63 79 0.747188
63 80 1.25607
63 81 0.500237
63 82 0.904336
63 83 0.129574
63 84 1.72019
63 85 0.842243
63 86 1.63217
63 87 1.37481
63 88 1.35822
63 89 0.430828
63 90 0.887035
63 91 0.945624
63 92 0.628292
63 93 0.853034
63 94 0.243611
63 95 1.73794
63 96 0.773189
63 97 1.28533
63 98 0.75203
63 99 1.47225
64 65 0.709333
64 66 1.1854
64 67 1.49114
64 68 1.42226
64 69 0.38719
64 70 0.753361
64 71 0.310658
64 72 0.468351
64 73 0.537442
64 74 0.239552
64 75 1.48652
64 76 0.622462
64 77 0.914767
64 78 1.77805
64 79 0.569264
64 80 0.153082
64 81 0.763212
64 82 0.46584
64 83 1.21309
64 84 0.462277
64 85 0.424628
64 86 0.949027
64 87 1.23001
64 88 0.139354
64 89 1.14726
64 90 0.780187
64 91 0.46229
64 92 0.761944
64 93 0.878845
64 94 1.42669
64 95 0.477118
64 96 1.29011
64 97 0.949301
64 98 0.636994
64 99 0.478356
65 66 0.480849
65 67 0.96845
65 68 0.772841
65 69 1.04328
65 70 1.39017
65 71 0.400738
65 72 0.272452
65 73 0.584088
65 74 0.804778
65 75 0.914069
65 76 0.257252
65 77 0.75168
65 78 1.21635
65 79 0.459774
65 80 0.653768
65 81 0.253662
65 82 0.267593
65 83 0.663357
65 84 1.13194
65 85 0.390579
65 86 1.00186
65 87 0.891589
65 88 0.767981
65 89 0.77143
65 90 0.807106
65 91 0.622761
65 92 0.0541112
65 93 0.334668
65 94 0.876916
65 95 1.17533
65 96 0.62517
65 97 0.710143
65 98 0.554683
65 99 0.822112
66 67 0.886943
66 68 0.374992
66 69 1.49646
66 70 1.82517
66 71 0.880124
66 72 0.749701
66 73 0.931074
66 74 1.25192
66 75 0.606416
66 76 0.616158
66 77 1.03861
66 78 1.03933
66 79 0.799086
66 80 1.13452
66 81 0.491192
66 82 0.746288
66 83 0.472337
66 84 1.61267
66 85 0.815843
66 86 1.34067
66 87 1.01808
66 88 1.24881
66 89 0.74089
66 90 1.05949
66 91 1.00031
66 92 0.432192
66 93 0.54186
66 94 0.608563
66 95 1.65533
66 96 0.403288
66 97 0.964256
66 98 0.851934
66 99 1.27428
67 68 1.21786
67 69 1.87701
67 70 2.24329
67 71 1.22343
67 72 1.06163
67 73 1.54952
67 74 1.67463
67 75 1.47453
67 76 1.22498
67 77 0.717336
67 78 0.294219
67 79 1.42802
67 80 1.36155
67 81 1.18072
67 82 1.07011
67 83 1.35686
67 84 1.75093
67 85 1.33399
67 86 0.985019
67 87 0.408521
67 88 1.46757
67 89 1.60223
67 90 1.77294
67 91 1.57766
67 92 0.928458
67 93 0.651834
67 94 1.48856
67 95 1.84339
67 96 0.486388
67 97 0.632865
67 98 1.52238
67 99 1.26237
68 69 1.67626
68 70 1.96722
68 71 1.14028
68 72 1.04186
68 73 1.04183
68 74 1.43308
68 75 0.261857
68 76 0.802372
68 77 1.4098
68 78 1.31856
68 79 0.926745
68 80 1.40356
68 81 0.660385
68 82 1.03518
68 83 0.307127
68 84 1.87483
68 85 1.00892
68 86 1.707
68 87 1.38905
68 88 1.51016
68 89 0.600775
68 90 1.07528
68 91 1.12772
68 92 0.736821
68 93 0.910526
68 94 0.296651
68 95 1.89931
68 96 0.735388
68 97 1.33757
68 98 0.93748
68 99 1.5945
69 70 0.366383
69 71 0.670116
69 72 0.835587
69 73 0.655091
69 74 0.245503
69 75 1.68882
69 76 0.888106
69 77 1.29169
69 78 2.16244
69 79 0.75266
69 80 0.529682
69 81 1.02693
69 82 0.830528
69 83 1.42346
69 84 0.480172
69 85 0.682031
69 86 1.28512
69 87 1.61432
69 88 0.449595
69 89 1.28015
69 90 0.789167
69 91 0.563157
69 92 1.09738
69 93 1.2549
69 94 1.61987
69 95 0.397786
69 96 1.65203
69 97 1.33189
69 98 0.768919
69 99 0.79254
70 71 1.03152
70 72 1.19733
70 73 0.92539
70 74 0.586522
70 75 1.9447
70 76 1.20929
70 77 1.6498
70 78 2.52823
70 79 1.04446
70 80 0.892901
70 81 1.34125
70 82 1.19155
70 83 1.69247
70 84 0.712422
70 85 1.01183
70 86 1.6181
70 87 1.97718
70 88 0.803845
70 89 1.50289
70 90 0.968728
70 91 0.840691
70 92 1.44411
70 93 1.61796
70 94 1.87127
70 95 0.596017
70 96 2.00739
70 97 1.69375
70 98 1.03177
70 99 1.12658
71 72 0.165812
71 73 0.46034
71 74 0.452041
71 75 1.23429
71 76 0.369087
71 77 0.745515
71 78 1.50229
71 79 0.414304
71 80 0.26336
71 81 0.496985
71 82 0.160413
71 83 0.963298
71 84 0.73746
71 85 0.236524
71 86 0.87974
71 87 1.01462
71 88 0.371782
71 89 0.958713
71 90 0.736478
71 91 0.433736
71 92 0.452543
71 93 0.586734
71 94 1.18195
71 95 0.775214
71 96 0.984407
71 97 0.753039
71 98 0.515237
71 99 0.524647
72 73 0.553848
72 74 0.616772
72 75 1.16563
72 76 0.348557
72 77 0.637398
72 78 1.33819
72 79 0.471494
72 80 0.388504
72 81 0.442656
72 82 0.0131394
72 83 0.902756
72 84 0.865071
72 85 0.314385
72 86 0.822323
72 87 0.874759
72 88 0.505144
72 89 0.949783
72 90 0.82286
72 91 0.550638
72 92 0.317747
72 93 0.421107
72 94 1.12114
72 95 0.916026
72 96 0.821931
72 97 0.62907
72 98 0.579158
72 99 0.560493
73 74 0.429593
73 75 1.03466
73 76 0.337065
73 77 1.18934
73 78 1.80038
73 79 0.133295
73 80 0.621208
73 81 0.440552
73 82 0.541192
73 83 0.772674
73 84 0.979516
73 85 0.239518
73 86 1.34005
73 87 1.41997
73 88 0.672294
73 89 0.633442
73 90 0.276141
73 91 0.0921691
73 92 0.629735
73 93 0.902042
73 94 0.965009
73 95 0.960236
73 96 1.19405
73 97 1.18277
73 98 0.114081
73 99 0.951718
74 75 1.45468
74 76 0.642605
74 77 1.14065
74 78 1.95433
74 79 0.514022
74 80 0.390479
74 81 0.781625
74 82 0.609919
74 83 1.18644
74 84 0.575512
74 85 0.436742
74 86 1.18841
74 87 1.44324
74 88 0.362868
74 89 1.06278
74 90 0.614319
74 91 0.338225
74 92 0.858833
74 93 1.03766
74 94 1.38758
74 95 0.538186
74 96 1.42093
74 97 1.16769
74 98 0.54312
74 99 0.715424
75 76 0.870103
75 77 1.61077
75 78 1.58042
75 79 0.94136
75 80 1.49418
75 81 0.737329
75 82 1.15673
75 83 0.273471
75 84 1.94813
75 85 1.062
75 86 1.89504
75 87 1.62308
75 88 1.59124
75 89 0.46708
75 90 0.999309
75 91 1.12606
75 92 0.889801
75 93 1.11315
75 94 0.0774736
75 95 1.95688
75 96 0.989437
75 97 1.54538
75 98 0.921839
75 99 1.72612
76 77 0.957441
76 78 1.46799
76 79 0.206689
76 80 0.624813
76 81 0.142062
76 82 0.336242
76 83 0.597377
76 84 1.08101
76 85 0.208109
76 86 1.16813
76 87 1.1366
76 88 0.721393
76 89 0.602873
76 90 0.54997
76 91 0.391437
76 92 0.29735
76 93 0.589455
76 94 0.81501
76 95 1.09856
76 96 0.856982
76 97 0.930739
76 98 0.297518
76 99 0.88485
77 78 1.00595
77 79 1.10775
77 80 0.764198
77 81 1.00237
77 82 0.650382
77 83 1.39001
77 84 1.06759
77 85 0.950119
77 86 0.315481
77 87 0.346293
77 88 0.845967
77 89 1.52305
77 90 1.46018
77 91 1.17644
77 92 0.752215
77 93 0.499739
77 94 1.58925
77 95 1.17146
77 96 0.823671
77 97 0.0923929
77 98 1.2155
77 99 0.568162
78 79 1.6741
78 80 1.65154
78 81 1.40591
78 82 1.34579
78 83 1.5086
78 84 2.04514
78 85 1.59544
78 86 1.25835
78 87 0.679538
78 88 1.75898
78 89 1.77832
78 90 2.0077
78 91 1.83608
78 92 1.17128
78 93 0.919958
78 94 1.60766
78 95 2.13729
78 96 0.646229
78 97 0.92396
78 98 1.76254
78 99 1.55611
79 80 0.622186
79 81 0.308025
79 82 0.458382
79 83 0.672416
79 84 1.02788
79 85 0.177999
79 86 1.28348
79 87 1.3179
79 88 0.693647
79 89 0.578133
79 90 0.358349
79 91 0.204611
79 92 0.502872
79 93 0.785492
79 94 0.875522
79 95 1.02313
79 96 1.06269
79 97 1.09298
79 98 0.10776
79 99 0.932567
80 81 0.757829
80 82 0.390053
80 83 1.222
80 84 0.478175
80 85 0.453951
80 86 0.79865
80 87 1.08476
80 88 0.117403
80 89 1.19369
80 90 0.883173
80 91 0.560038
80 92 0.702784
80 93 0.771441
80 94 1.43982
80 95 0.528533
80 96 1.19514
80 97 0.802222
80 98 0.706731
80 99 0.34188
81 82 0.432038
81 83 0.467194
81 84 1.21998
81 85 0.349679
81 86 1.23952
81 87 1.14081
81 88 0.858232
81 89 0.522502
81 90 0.603552
81 91 0.509474
81 92 0.269835
81 93 0.57799
81 94 0.686268
81 95 1.23982
81 96 0.775053
81 97 0.963422
81 98 0.370141
81 99 0.998003
82 83 0.893182
82 84 0.867377
82 85 0.301784
82 86 0.835206
82 87 0.886345
82 88 0.506248
82 89 0.937838
82 90 0.809928
82 91 0.538756
82 92 0.314107
82 93 0.42774
82 94 1.11172
82 95 0.916731
82 96 0.82515
82 97 0.641631
82 98 0.566054
82 99 0.569489
83 84 1.67466
83 85 0.788624
83 86 1.66039
83 87 1.44457
83 88 1.3181
83 89 0.301254
83 90 0.774066
83 91 0.862817
83 92 0.646734
83 93 0.903433
83 94 0.219137
83 95 1.68402
83 96 0.875457
83 97 1.33246
83 98 0.662053
83 99 1.46226
84 85 0.886709
84 86 0.955089
84 87 1.4135
84 88 0.365681
84 89 1.60389
84 90 1.18938
84 91 0.894551
84 92 1.18081
84 93 1.22067
84 94 1.88884
84 95 0.120231
84 96 1.65192
84 97 1.13458
84 98 1.08654
84 99 0.499583
85 86 1.11064
85 87 1.18388
85 88 0.536455
85 89 0.739759
85 90 0.511251
85 91 0.244848
85 92 0.442637
85 93 0.682312
85 94 1.00213
85 95 0.89667
85 96 1.0157
85 97 0.943415
85 98 0.279337
85 99 0.755536
86 87 0.579412
86 88 0.842195
86 89 1.76073
86 90 1.61619
86 91 1.30702
86 92 1.01378
86 93 0.798824
86 94 1.86747
86 95 1.07165
86 96 1.13899
86 97 0.405183
86 98 1.38896
86 99 0.49316
87 88 1.17628
87 89 1.63461
87 90 1.6762
87 91 1.42481
87 92 0.871154
87 93 0.564308
87 94 1.61795
87 95 1.51618
87 96 0.690642
87 97 0.284569
87 98 1.42294
87 99 0.914301
88 89 1.27104
88 90 0.919143
88 91 0.599938
88 92 0.817763
88 93 0.886985
88 94 1.53446
88 95 0.411223
88 96 1.31199
88 97 0.891977
88 98 0.768106
88 99 0.356431
89 90 0.540411
89 91 0.724556
89 92 0.775715
89 93 1.07262
89 94 0.389646
89 95 1.59196
89 96 1.13464
89 97 1.47991
89 98 0.521048
89 99 1.48241
90 91 0.323136
90 92 0.844606
90 93 1.13877
90 94 0.922995
90 95 1.14925
90 96 1.37829
90 97 1.44917
90 98 0.254116
90 99 1.21995
91 92 0.671843
91 93 0.926396
91 94 1.05675
91 95 0.871406
91 96 1.24294
91 97 1.17703
91 98 0.20625
91 99 0.897479
92 93 0.30824
92 94 0.856493
92 95 1.22618
92 96 0.573257
92 97 0.70468
92 98 0.594184
92 99 0.858262
93 94 1.09502
93 95 1.29195
93 96 0.432269
93 97 0.432323
93 98 0.885045
93 99 0.797015
94 95 1.89459
94 96 1.0022
94 97 1.52705
94 98 0.85166
94 99 1.68101
95 96 1.72023
95 97 1.23484
95 98 1.07112
95 99 0.606019
96 97 0.734193
96 98 1.14158
96 99 1.22427
97 98 1.20035
97 99 0.637585
98 99 1.02687