100
0 1 1.27679
0 2 1.51706
0 3 1.0194
0 4 1.07292
0 5 0.507735
0 6 1.61226
0 7 0.630712
0 8 0.295335
0 9 0.863538
0 10 0.414535
0 11 0.594764
0 12 1.02472
0 13 0.536599
0 14 1.24551
0 15 1.05954
0 16 0.718087
0 17 0.329493
0 18 0.188607
0 19 0.4115
0 20 1.0628
0 21 1.02874
0 22 0.969016
0 23 0.0988886
0 24 1.05554
0 25 1.44868
0 26 1.37119
0 27 0.924867
0 28 1.05922
0 29 1.01693
0 30 1.52245
0 31 1.01591
0 32 0.297951
0 33 0.556895
0 34 1.34573
0 35 0.305933
0 36 0.63963
0 37 1.28283
0 38 0.523652
0 39 0.0673076
0 40 0.697591
0 41 1.27739
0 42 0.914873
0 43 0.895036
0 44 0.686084
0 45 0.388476
0 46 0.512399
0 47 0.701989
0 48 1.54839
0 49 1.0404
0 50 1.17056
0 51 0.748966
0 52 0.794532
0 53 0.658509
0 54 0.4944
0 55 0.697505
0 56 0.481495
0 57 1.56739
0 58 1.39256
0 59 0.40326
0 60 0.47494
0 61 0.669366
0 62 1.6599
0 63 1.67631
0 64 0.966048
0 65 0.440534
0 66 1.24533
0 67 1.20178
0 68 1.54219
0 69 0.841646
0 70 0.468534
0 71 0.304886
0 72 1.08885
0 73 0.492442
0 74 0.637091
0 75 0.76051
0 76 1.21659
0 77 0.738184
0 78 0.905428
0 79 0.862827
0 80 1.33178
0 81 0.61449
0 82 0.720713
0 83 0.944944
0 84 1.54466
0 85 1.00486
0 86 0.144102
0 87 1.04902
0 88 1.16523
0 89 0.891757
0 90 0.731048
0 91 0.149297
0 92 1.02314
0 93 1.1175
0 94 0.4477
0 95 1.00193
0 96 0.574234
0 97 0.588267
0 98 0.666261
0 99 0.142402
1 2 0.241768
1 3 1.29003
1 4 1.31933
1 5 1.7725
1 6 0.464389
1 7 0.817546
1 8 1.13783
1 9 0.626276
1 10 1.0162
1 11 1.84381
1 12 1.65449
1 13 1.10527
1 14 0.711244
1 15 0.226012
1 16 0.942987
1 17 1.22786
1 18 1.39483
1 19 0.949644
1 20 0.614981
1 21 1.10113
1 22 1.59072
1 23 1.3377
1 24 0.3211
1 25 1.06699
1 26 0.408329
1 27 1.21678
1 28 0.665835
1 29 1.16799
1 30 1.0535
1 31 0.293644
1 32 1.51031
1 33 0.807124
1 34 0.263832
1 35 1.43285
1 36 1.90127
1 37 1.23195
1 38 1.4424
1 39 1.32827
1 40 0.887595
1 41 0.256792
1 42 0.798699
1 43 1.21387
1 44 0.710629
1 45 1.09934
1 46 1.78537
1 47 0.583319
1 48 0.453434
1 49 1.3018
1 50 0.261317
1 51 1.52064
1 52 0.575428
1 53 1.74306
1 54 1.18988
1 55 0.963931
1 56 1.71182
1 57 0.507358
1 58 0.39923
1 59 1.04512
1 60 1.00292
1 61 1.53435
1 62 0.490177
1 63 0.432941
1 64 0.883748
1 65 1.20336
1 66 0.318054
1 67 0.131278
1 68 0.33246
1 69 0.840773
1 70 1.73954
1 71 1.54024
1 72 1.49474
1 73 1.7353
1 74 1.84065
1 75 1.52897
1 76 0.408261
1 77 1.6453
1 78 1.09055
1 79 0.925545
1 80 0.802291
1 81 0.978478
1 82 1.19248
1 83 0.931885
1 84 0.563272
1 85 1.62459
1 86 1.17459
1 87 0.454572
1 88 1.59647
1 89 1.60759
1 90 0.568254
1 91 1.19421
1 92 0.721607
1 93 0.947782
1 94 0.964718
1 95 1.27978
1 96 1.22263
1 97 1.13926
1 98 0.851999
1 99 1.15339
2 3 1.4838
2 4 1.46903
2 5 2.01025
2 6 0.333831
2 7 1.03163
2 8 1.3787
2 9 0.844254
2 10 1.2554
2 11 2.08558
2 12 1.83282
2 13 1.31715
2 14 0.844826
2 15 0.459575
2 16 1.16403
2 17 1.45495
2 18 1.63107
2 19 1.19034
2 20 0.794817
2 21 1.24756
2 22 1.77131
2 23 1.57907
2 24 0.538773
2 25 1.17623
2 26 0.430889
2 27 1.38341
2 28 0.805158
2 29 1.31889
2 30 1.14399
2 31 0.516012
2 32 1.75206
2 33 1.03279
2 34 0.349888
2 35 1.67407
2 36 2.14292
2 37 1.38636
2 38 1.6779
2 39 1.56924
2 40 1.112
2 41 0.389218
2 42 0.965394
2 43 1.41858
2 44 0.944934
2 45 1.33821
2 46 2.02646
2 47 0.819841
2 48 0.367721
2 49 1.49365
2 50 0.449202
2 51 1.74649
2 52 0.790703
2 53 1.98095
2 54 1.40493
2 55 1.16049
2 56 1.94638
2 57 0.426806
2 58 0.408102
2 59 1.27064
2 60 1.23985
2 61 1.74316
2 62 0.33479
2 63 0.219482
2 64 1.07537
2 65 1.42277
2 66 0.418744
2 67 0.328247
2 68 0.190416
2 69 1.01949
2 70 1.97822
2 71 1.77645
2 72 1.65341
2 73 1.97086
2 74 2.08186
2 75 1.75437
2 76 0.51172
2 77 1.87612
2 78 1.25662
2 79 1.09813
2 80 0.917485
2 81 1.20749
2 82 1.38481
2 83 1.0901
2 84 0.511706
2 85 1.80319
2 86 1.41217
2 87 0.651234
2 88 1.7521
2 89 1.82693
2 90 0.809333
2 91 1.43102
2 92 0.905858
2 93 1.07242
2 94 1.19021
2 95 1.43795
2 96 1.43064
2 97 1.3457
2 98 1.08056
2 99 1.39476
3 4 1.93288
3 5 1.38807
3 6 1.75369
3 7 1.28595
3 8 0.732195
3 9 0.681167
3 10 0.662089
3 11 1.19345
3 12 2.00836
3 13 1.40764
3 14 0.706525
3 15 1.19815
3 16 0.42883
3 17 1.29318
3 18 1.20405
3 19 0.727665
3 20 0.689917
3 21 1.8008
3 22 1.94638
3 23 0.97218
3 24 0.971138
3 25 0.627831
3 26 1.6291
3 27 1.77728
3 28 1.57704
3 29 1.82429
3 30 0.72476
3 31 1.22587
3 32 0.961025
3 33 1.18089
3 34 1.14949
3 35 0.84412
3 36 1.2715
3 37 0.327315
3 38 0.625661
3 39 1.00024
3 40 0.49243
3 41 1.09771
3 42 1.54351
3 43 0.129024
3 44 0.696792
3 45 0.645717
3 46 1.24986
3 47 1.05861
3 48 1.73321
3 49 0.0212585
3 50 1.03804
3 51 0.481424
3 52 1.23909
3 53 0.874033
3 54 1.41717
3 55 1.46192
3 56 1.43132
3 57 1.78113
3 58 1.63394
3 59 1.24164
3 60 0.604592
3 61 1.67769
3 62 1.78004
3 63 1.70203
3 64 0.408519
3 65 1.3777
3 66 1.4912
3 67 1.31806
3 68 1.62128
3 69 1.50822
3 70 1.33507
3 71 1.28405
3 72 2.01196
3 73 1.42332
3 74 1.09333
3 75 0.479879
3 76 1.53076
3 77 0.645158
3 78 1.70227
3 79 1.57852
3 80 0.706166
3 81 0.484144
3 82 1.60601
3 83 1.64785
3 84 1.81484
3 85 1.98457
3 86 1.07675
3 87 0.837025
3 88 2.1045
3 89 0.458697
3 90 0.883857
3 91 1.10346
3 92 0.578517
3 93 1.78613
3 94 1.21713
3 95 1.86319
3 96 1.4999
3 97 1.47079
3 98 0.550572
3 99 0.913107
4 5 1.24598
4 6 1.32571
4 7 0.666204
4 8 1.26052
4 9 1.41856
4 10 1.28163
4 11 1.54413
4 12 0.4311
4 13 0.547253
4 14 1.78466
4 15 1.13962
4 16 1.51781
4 17 0.746365
4 18 0.985545
4 19 1.20768
4 20 1.59128
4 21 0.221535
4 22 0.393074
4 23 1.16913
4 24 1.35651
4 25 2.11563
4 26 1.07521
4 27 0.156181
4 28 0.663947
4 29 0.151358
4 30 2.15136
4 31 1.05958
4 32 1.34832
4 33 0.763385
4 34 1.54999
4 35 1.37861
4 36 1.54859
4 37 2.09385
4 38 1.58492
4 39 1.1335
4 40 1.46137
4 41 1.50664
4 42 0.524075
4 43 1.80544
4 44 1.29396
4 45 1.32251
4 46 1.40481
4 47 0.963797
4 48 1.2416
4 49 1.95352
4 50 1.42725
4 51 1.79847
4 52 0.825052
4 53 1.72079
4 54 0.578662
4 55 0.476135
4 56 1.11841
4 57 1.21685
4 58 1.10363
4 59 0.709555
4 60 1.3334
4 61 0.613226
4 62 1.37659
4 63 1.49161
4 64 1.68557
4 65 0.633269
4 66 1.05041
4 67 1.18839
4 68 1.35998
4 69 0.501307
4 70 1.25545
4 71 1.05701
4 72 0.193798
4 73 1.15851
4 74 1.64075
4 75 1.81026
4 76 0.958933
4 77 1.80876
4 78 0.24889
4 79 0.411982
4 80 1.89422
4 81 1.44901
4 82 0.352515
4 83 0.388164
4 84 1.13647
4 85 0.407493
4 86 0.944496
4 87 1.46405
4 88 0.284735
4 89 1.93983
4 90 1.15532
4 91 0.92883
4 92 1.62987
4 93 0.413351
4 94 0.718517
4 95 0.0717888
4 96 0.501439
4 97 0.488684
4 98 1.40407
4 99 1.09694
5 6 2.07557
5 7 1.0445
5 8 0.755542
5 9 1.36523
5 10 0.893942
5 11 0.350483
5 12 1.0104
5 13 0.833099
5 14 1.73555
5 15 1.55071
5 16 1.1798
5 17 0.610983
5 18 0.382192
5 19 0.909757
5 20 1.56044
5 21 1.28981
5 22 0.980362
5 23 0.480327
5 24 1.56272
5 25 1.90265
5 26 1.82167
5 27 1.13278
5 28 1.4577
5 29 1.25069
5 30 1.98398
5 31 1.49981
5 32 0.427046
5 33 1.00135
5 34 1.85274
5 35 0.544536
5 36 0.323585
5 37 1.69101
5 38 0.773652
5 39 0.47322
5 40 1.17288
5 41 1.78455
5 42 1.28493
5 43 1.27961
5 44 1.18972
5 45 0.843169
5 46 0.20375
5 47 1.19042
5 48 2.00563
5 49 1.4072
5 50 1.67762
5 51 0.982579
5 52 1.25225
5 53 0.674917
5 54 0.74802
5 55 1.03273
5 56 0.131024
5 57 2.01724
5 58 1.84559
5 59 0.783176
5 60 0.947538
5 61 0.654876
5 62 2.12542
5 63 2.15728
5 64 1.43151
5 65 0.699394
5 66 1.7067
5 67 1.68841
5 68 2.0195
5 69 1.20496
5 70 0.053188
5 71 0.239947
5 72 1.17968
5 73 0.0916019
5 74 0.485242
5 75 0.99134
5 76 1.6641
5 77 0.883926
5 78 1.1688
5 79 1.19343
5 80 1.81496
5 81 1.07582
5 82 0.941174
5 83 1.26852
5 84 1.98177
5 85 1.00394
5 86 0.598088
5 87 1.55555
5 88 1.21918
5 89 1.10543
5 90 1.23747
5 91 0.579703
5 92 1.51104
5 93 1.43535
5 94 0.856093
5 95 1.18578
5 96 0.790916
5 97 0.853786
5 98 1.1512
5 99 0.647034
6 7 1.03965
6 8 1.53021
6 9 1.08325
6 10 1.42416
6 11 2.20238
6 12 1.72772
6 13 1.30324
6 14 1.15741
6 15 0.595954
6 16 1.39393
6 17 1.48196
6 18 1.6939
6 19 1.34794
6 20 1.07819
6 21 1.10917
6 22 1.67206
6 23 1.68829
6 24 0.782838
6 25 1.50023
6 26 0.266927
6 27 1.27171
6 28 0.695127
6 29 1.18389
6 30 1.47285
6 31 0.611538
6 32 1.87727
6 33 1.07424
6 34 0.667966
6 35 1.81585
6 36 2.25148
6 37 1.69021
6 38 1.86083
6 39 1.67187
6 40 1.33529
6 41 0.692644
6 42 0.88104
6 43 1.67454
6 44 1.14383
6 45 1.50763
6 46 2.12343
6 47 0.919071
6 48 0.0841508
6 49 1.76573
6 50 0.723169
6 51 1.96102
6 52 0.823861
6 53 2.14885
6 54 1.39594
6 55 1.11852
6 56 1.99386
6 57 0.121107
6 58 0.239265
6 59 1.29907
6 60 1.42182
6 61 1.70689
6 62 0.0527479
6 63 0.192072
6 64 1.34804
6 65 1.42568
6 66 0.368972
6 67 0.452721
6 68 0.146302
6 69 0.951908
6 70 2.05077
6 71 1.836
6 72 1.51836
6 73 2.02329
6 74 2.21897
6 75 1.97002
6 76 0.420247
6 77 2.07534
6 78 1.15014
6 79 1.01316
6 80 1.2381
6 81 1.41818
6 82 1.32223
6 83 0.980782
6 84 0.216477
6 85 1.69932
6 86 1.48874
6 87 0.918961
6 88 1.60932
6 89 2.05627
6 90 0.975755
6 91 1.50228
6 92 1.1857
6 93 0.912567
6 94 1.22224
6 95 1.30956
6 96 1.40213
6 97 1.31679
6 98 1.2942
6 99 1.50796
7 8 0.688554
7 9 0.755861
7 10 0.664327
7 11 1.21965
7 12 0.88255
7 13 0.287766
7 14 1.13519
7 15 0.596156
7 16 0.862006
7 17 0.442433
7 18 0.668006
7 19 0.580871
7 20 0.937475
7 21 0.51492
7 22 0.815745
7 23 0.723741
7 24 0.743569
7 25 1.45451
7 26 0.780006
7 27 0.517807
7 28 0.428757
7 29 0.542695
7 30 1.49522
7 31 0.523909
7 32 0.925609
7 33 0.106447
7 34 0.989331
7 35 0.903496
7 36 1.25619
7 37 1.42906
7 38 1.04712
7 39 0.697327
7 40 0.802702
7 41 0.932511
7 42 0.295243
7 43 1.16146
7 44 0.628019
7 45 0.724204
7 46 1.11812
7 47 0.312161
7 48 0.966095
7 49 1.30597
7 50 0.836147
7 51 1.23074
7 52 0.242275
7 53 1.26518
7 54 0.373421
7 55 0.193833
7 56 0.956002
7 57 0.974354
7 58 0.804964
7 59 0.261576
7 60 0.705723
7 61 0.71711
7 62 1.09088
7 63 1.14251
7 64 1.01949
7 65 0.392747
7 66 0.674257
7 67 0.704673
7 68 1.00111
7 69 0.235209
7 70 1.02466
7 71 0.804781
7 72 0.787963
7 73 0.986781
7 74 1.26771
7 75 1.24224
7 76 0.622382
7 77 1.28195
7 78 0.422665
7 79 0.293879
7 80 1.24359
7 81 0.803789
7 82 0.407627
7 83 0.368265
7 84 0.937304
7 85 0.853103
7 86 0.489487
7 87 0.826638
7 88 0.89056
7 89 1.36413
7 90 0.494949
7 91 0.494431
7 92 0.967516
7 93 0.525978
7 94 0.190386
7 95 0.601819
7 96 0.406617
7 97 0.325674
7 98 0.744514
7 99 0.574655
8 9 0.625479
8 10 0.141548
8 11 0.720542
8 12 1.28288
8 13 0.714761
8 14 0.98092
8 15 0.941955
8 16 0.429107
8 17 0.566381
8 18 0.483907
8 19 0.188506
8 20 0.811588
8 21 1.17064
8 22 1.22275
8 23 0.278196
8 24 0.869445
8 25 1.15936
8 26 1.31641
8 27 1.10529
8 28 1.08614
8 29 1.17617
8 30 1.23618
8 31 0.918682
8 32 0.388135
8 33 0.587655
8 34 1.15489
8 35 0.29633
8 36 0.786194
8 37 0.987656
8 38 0.361057
8 39 0.294825
8 40 0.417519
8 41 1.08607
8 42 0.982534
8 43 0.60549
8 44 0.461025
8 45 0.0933917
8 46 0.693953
8 47 0.620346
8 48 1.47753
8 49 0.753388
8 50 0.982835
8 51 0.546145
8 52 0.766715
8 53 0.620241
8 54 0.705307
8 55 0.820994
8 56 0.757743
8 57 1.50676
8 58 1.33321
8 59 0.550977
8 60 0.191998
8 61 0.945608
8 62 1.57308
8 63 1.56177
8 64 0.680206
8 65 0.659992
8 66 1.17916
8 67 1.08911
8 68 1.43788
8 69 0.923023
8 70 0.707926
8 71 0.588791
8 72 1.31082
8 73 0.761317
8 74 0.7036
8 75 0.557832
8 76 1.17298
8 77 0.595574
8 78 1.05584
8 79 0.96992
8 80 1.05944
8 81 0.324541
8 82 0.914392
8 83 1.04976
8 84 1.50199
8 85 1.26032
8 86 0.347029
8 87 0.82977
8 88 1.39705
8 89 0.684056
8 90 0.569591
8 91 0.372727
8 92 0.756211
8 93 1.21355
8 94 0.553188
8 95 1.18883
8 96 0.789325
8 97 0.775926
8 98 0.396898
8 99 0.181549
9 10 0.484431
9 11 1.34101
9 12 1.61346
9 13 0.979004
9 14 0.401453
9 15 0.517054
9 16 0.319878
9 17 0.976024
9 18 1.0331
9 19 0.455538
9 20 0.204531
9 21 1.24415
9 22 1.54659
9 23 0.886727
9 24 0.306727
9 25 0.698706
9 26 0.947933
9 27 1.27316
9 28 0.937635
9 29 1.28563
9 30 0.742921
9 31 0.548633
9 32 1.0124
9 33 0.670199
9 34 0.555957
9 35 0.911241
9 36 1.40929
9 37 0.71076
9 38 0.857613
9 39 0.89202
9 40 0.270844
9 41 0.490075
9 42 0.948151
9 43 0.592487
9 44 0.178641
9 45 0.555843
9 46 1.31923
9 47 0.457524
9 48 1.05682
9 49 0.695621
9 50 0.400436
9 51 0.903635
9 52 0.622119
9 53 1.16935
9 54 1.02879
9 55 0.949643
9 56 1.34436
9 57 1.10286
9 58 0.952936
9 59 0.839667
9 60 0.445638
9 61 1.3638
9 62 1.11378
9 63 1.05461
9 64 0.301185
9 65 1.01196
9 66 0.810319
9 67 0.639274
9 68 0.958128
9 69 0.935176
9 70 1.32117
9 71 1.16644
9 72 1.54294
9 73 1.35595
9 74 1.30644
9 75 0.911191
9 76 0.853373
9 77 1.03925
9 78 1.17089
9 79 1.01897
9 80 0.503133
9 81 0.374
9 82 1.14969
9 83 1.07269
9 84 1.13396
9 85 1.58526
9 86 0.821484
9 87 0.213164
9 88 1.64486
9 89 0.983157
9 90 0.263663
9 91 0.849054
9 92 0.211657
9 93 1.18162
9 94 0.77901
9 95 1.35631
9 96 1.09693
9 97 1.03681
9 98 0.250568
9 99 0.721286
10 11 0.858491
10 12 1.3486
10 13 0.747368
10 14 0.841612
10 15 0.830199
10 16 0.305235
10 17 0.637393
10 18 0.60071
10 19 0.0868478
10 20 0.670215
10 21 1.16894
10 22 1.28584
10 23 0.414124
10 24 0.736788
10 25 1.03456
10 26 1.22261
10 27 1.12545
10 28 1.0311
10 29 1.18341
10 30 1.10792
10 31 0.815089
10 32 0.528104
10 33 0.558417
10 34 1.01934
10 35 0.4303
10 36 0.925559
10 37 0.886713
10 38 0.438204
10 39 0.426335
10 40 0.28347
10 41 0.950723
10 42 0.949322
10 43 0.533067
10 44 0.323684
10 45 0.0836563
10 46 0.835412
10 47 0.534631
10 48 1.37594
10 49 0.683251
10 50 0.848881
10 51 0.579447
10 52 0.697776
10 53 0.727885
10 54 0.755169
10 55 0.82106
10 56 0.889663
10 57 1.4087
10 58 1.23744
10 59 0.580903
10 60 0.0626162
10 61 1.03013
10 62 1.46505
10 63 1.44463
10 64 0.551528
10 65 0.716622
10 66 1.08282
10 67 0.976802
10 68 1.3249
10 69 0.898393
10 70 0.847173
10 71 0.716813
10 72 1.35149
10 73 0.89557
10 74 0.833628
10 75 0.590422
10 76 1.08572
10 77 0.662579
10 78 1.06129
10 79 0.956133
10 80 0.922564
10 81 0.204018
10 82 0.946852
10 83 1.03244
10 84 1.41083
10 85 1.32425
10 86 0.428976
10 87 0.690357
10 88 1.44299
10 89 0.705704
10 90 0.451297
10 91 0.457301
10 92 0.617129
10 93 1.188
10 94 0.563142
10 95 1.21084
10 96 0.837813
10 97 0.810376
10 98 0.257268
10 99 0.279498
11 12 1.34919
11 13 1.06919
11 14 1.66636
11 15 1.63522
11 16 1.09076
11 17 0.836147
11 18 0.577894
11 19 0.905944
11 20 1.51586
11 21 1.55548
11 22 1.31413
11 23 0.514092
11 24 1.58874
11 25 1.76965
11 26 1.96496
11 27 1.41635
11 28 1.648
11 29 1.52697
11 30 1.85898
11 31 1.59877
11 32 0.334606
11 33 1.15104
11 34 1.87527
11 35 0.429949
11 36 0.0780505
11 37 1.51544
11 38 0.572608
11 39 0.531943
11 40 1.10334
11 41 1.80641
11 42 1.49337
11 43 1.10484
11 44 1.18131
11 45 0.785246
11 46 0.149289
11 47 1.28541
11 48 2.14048
11 49 1.21004
11 50 1.70268
11 51 0.73491
11 52 1.38873
11 53 0.364813
11 54 0.9979
11 55 1.25691
11 56 0.473702
11 57 2.16092
11 58 1.98589
11 59 0.973583
11 60 0.895774
11 61 0.983114
11 62 2.24905
11 63 2.25667
11 64 1.33164
11 65 0.943399
11 66 1.83725
11 67 1.78058
11 68 2.12584
11 69 1.41653
11 70 0.315283
11 71 0.487141
11 72 1.50018
11 73 0.438075
11 74 0.141244
11 75 0.74105
11 76 1.81094
11 77 0.602193
11 78 1.43105
11 79 1.42364
11 80 1.72937
11 81 0.995378
11 82 1.2142
11 83 1.5038
11 84 2.13937
11 85 1.34038
11 86 0.730922
11 87 1.5488
11 88 1.54876
11 89 0.834724
11 90 1.27923
11 91 0.725304
11 92 1.44499
11 93 1.67605
11 94 1.03145
11 95 1.47909
11 96 1.05831
11 97 1.10473
11 98 1.09908
11 99 0.695666
12 13 0.635096
12 14 2.00696
12 15 1.45042
12 16 1.63071
12 17 0.7166
12 18 0.875308
12 19 1.29357
12 20 1.80709
12 21 0.624932
12 22 0.0670715
12 23 1.10477
12 24 1.62536
12 25 2.30503
12 26 1.46792
12 27 0.456255
12 28 1.04011
12 29 0.550709
12 30 2.35572
12 31 1.37161
12 32 1.24115
12 33 0.948989
12 34 1.85829
12 35 1.30626
12 36 1.33316
12 37 2.22358
12 38 1.54427
12 39 1.06907
12 40 1.58484
12 41 1.80592
12 42 0.867809
12 43 1.87962
12 44 1.459
12 45 1.36418
12 46 1.20047
12 47 1.19305
12 48 1.6438
12 49 2.02961
12 50 1.71399
12 51 1.77211
12 52 1.10179
12 53 1.60195
12 54 0.598977
12 55 0.701579
12 56 0.880214
12 57 1.62478
12 58 1.49661
12 59 0.786982
12 60 1.40879
12 61 0.37385
12 62 1.77974
12 63 1.88243
12 64 1.83927
12 65 0.632487
12 66 1.42107
12 67 1.52771
12 68 1.74554
12 69 0.815212
12 70 1.0361
12 71 0.887021
12 72 0.253322
12 73 0.918856
12 74 1.46915
12 75 1.78352
12 76 1.33593
12 77 1.74261
12 78 0.580338
12 79 0.73469
12 80 2.11332
12 81 1.54318
12 82 0.475206
12 83 0.750161
12 84 1.54971
12 85 0.0299284
12 86 0.935996
12 87 1.70724
12 88 0.232721
12 89 1.91447
12 90 1.36434
12 91 0.911124
12 92 1.82164
12 93 0.827791
12 94 0.836974
12 95 0.424821
12 96 0.521647
12 97 0.576662
12 98 1.53305
12 99 1.10194
13 14 1.37477
13 15 0.883717
13 16 1.00919
13 17 0.23307
13 18 0.49132
13 19 0.680569
13 20 1.17463
13 21 0.494392
13 22 0.568485
13 23 0.635069
13 24 1.01609
13 25 1.67005
13 26 1.03809
13 27 0.393829
13 28 0.637728
13 29 0.480378
13 30 1.72078
13 31 0.811651
13 32 0.826064
13 33 0.324414
13 34 1.27247
13 35 0.841594
13 36 1.09068
13 37 1.5995
13 38 1.039
13 39 0.60085
13 40 0.95915
13 41 1.21371
13 42 0.456309
13 43 1.27886
13 44 0.824216
13 45 0.780857
13 46 0.946203
13 47 0.576125
13 48 1.22576
13 49 1.42866
13 50 1.11447
13 51 1.25124
13 52 0.529881
13 53 1.19404
13 54 0.0930936
13 55 0.200778
13 56 0.726423
13 57 1.22691
13 58 1.06476
13 59 0.166553
13 60 0.803163
13 61 0.429449
13 62 1.35544
13 63 1.41883
13 64 1.20733
13 65 0.133928
13 66 0.945649
13 67 0.991259
13 68 1.277
13 69 0.376107
13 70 0.824377
13 71 0.603356
13 72 0.604344
13 73 0.761885
13 74 1.14463
13 75 1.26302
13 76 0.883014
13 77 1.26531
13 78 0.370073
13 79 0.360767
13 80 1.4802
13 81 0.929013
13 82 0.200259
13 83 0.437866
13 84 1.1781
13 85 0.607323
13 86 0.400963
13 87 1.08349
13 88 0.697673
13 89 1.39258
13 90 0.734374
13 91 0.388385
13 92 1.18662
13 93 0.608377
13 94 0.202352
13 95 0.475465
13 96 0.122527
13 97 0.0631705
13 98 0.905224
13 99 0.549753
14 15 0.730184
14 16 0.575684
14 17 1.37726
14 18 1.4224
14 19 0.834193
14 20 0.200156
14 21 1.59512
14 22 1.93992
14 23 1.25554
14 24 0.463042
14 25 0.3624
14 26 1.11162
14 27 1.64592
14 28 1.23355
14 29 1.64439
14 30 0.37256
14 31 0.794345
14 32 1.35309
14 33 1.0586
14 34 0.494955
14 35 1.24156
14 36 1.73956
14 37 0.544423
14 38 1.12736
14 39 1.26593
14 40 0.567196
14 41 0.464864
14 42 1.28588
14 43 0.686969
14 44 0.575426
14 45 0.897274
14 46 1.66644
14 47 0.82471
14 48 1.16026
14 49 0.710021
14 50 0.457033
14 51 1.09775
14 52 0.963254
14 53 1.43591
14 54 1.42811
14 55 1.32791
14 56 1.72651
14 57 1.21622
14 58 1.10631
14 59 1.23978
14 60 0.789361
14 61 1.76506
14 62 1.17123
14 63 1.06221
14 64 0.349819
14 65 1.41271
14 66 0.996132
14 67 0.792021
14 68 1.0131
14 69 1.28778
14 70 1.68862
14 71 1.55037
14 72 1.92188
14 73 1.73484
14 74 1.60914
14 75 1.10169
14 76 1.0675
14 77 1.25657
14 78 1.5358
14 79 1.37557
14 80 0.109752
14 81 0.672385
14 82 1.5379
14 83 1.41864
14 84 1.27447
14 85 1.97833
14 86 1.21677
14 87 0.327403
14 88 2.02501
14 89 1.13089
14 90 0.643037
14 91 1.24483
14 92 0.224733
14 93 1.50268
14 94 1.17687
14 95 1.7264
14 96 1.49424
14 97 1.43093
14 98 0.584373
14 99 1.10358
15 16 0.810134
15 17 1.00185
15 18 1.17159
15 19 0.756532
15 20 0.580117
15 21 0.928035
15 22 1.38546
15 23 1.12485
15 24 0.268314
15 25 1.09184
15 26 0.431144
15 27 1.02479
15 28 0.518409
15 29 0.989699
15 30 1.09849
15 31 0.0801666
15 32 1.30382
15 33 0.58139
15 34 0.411428
15 35 1.23311
15 36 1.6901
15 37 1.19759
15 38 1.26557
15 39 1.11335
15 40 0.74879
15 41 0.367407
15 42 0.615795
15 43 1.10555
15 44 0.550452
15 45 0.913832
15 46 1.57051
15 47 0.360283
15 48 0.554917
15 49 1.21267
15 50 0.298232
15 51 1.36705
15 52 0.35573
15 53 1.55712
15 54 0.966739
15 55 0.752379
15 56 1.4875
15 57 0.595215
15 58 0.437367
15 59 0.81926
15 60 0.826044
15 61 1.31316
15 62 0.635304
15 63 0.622016
15 64 0.8091
15 65 0.978692
15 66 0.293463
15 67 0.147154
15 68 0.495941
15 69 0.645552
15 70 1.51893
15 71 1.31698
15 72 1.30594
15 73 1.51158
15 74 1.63982
15 75 1.37628
15 76 0.345452
15 77 1.47942
15 78 0.900893
15 79 0.73362
15 80 0.835065
15 81 0.825609
15 82 0.981825
15 83 0.752536
15 84 0.618555
15 85 1.42049
15 86 0.95264
15 87 0.414029
15 88 1.40912
15 89 1.46646
15 90 0.380082
15 91 0.971448
15 92 0.669463
15 93 0.799256
15 94 0.738902
15 95 1.09372
15 96 1.00257
15 97 0.920333
15 98 0.703887
15 99 0.940884
16 17 0.930859
16 18 0.905332
16 19 0.339532
16 20 0.440728
16 21 1.37664
16 22 1.56623
16 23 0.70687
16 24 0.625806
16 25 0.730894
16 26 1.23808
16 27 1.36347
16 28 1.15103
16 29 1.40336
16 30 0.807089
16 31 0.824858
16 32 0.781674
16 33 0.758388
16 34 0.868913
16 35 0.667822
16 36 1.16427
16 37 0.59293
16 38 0.561082
16 39 0.723784
16 40 0.0649607
16 41 0.805168
16 42 1.11481
16 43 0.312431
16 44 0.274236
16 45 0.337762
16 46 1.09547
16 47 0.631082
16 48 1.36189
16 49 0.447898
16 50 0.71959
16 51 0.584402
16 52 0.811648
16 53 0.873805
16 54 1.03198
16 55 1.04316
16 56 1.18682
16 57 1.40468
16 58 1.24644
16 59 0.846993
16 60 0.243471
16 61 1.32702
16 62 1.42686
16 63 1.37337
16 64 0.251782
16 65 0.99948
16 66 1.09718
16 67 0.943833
16 68 1.27327
16 69 1.08078
16 70 1.13053
16 71 1.01727
16 72 1.60959
16 73 1.1898
16 74 1.03533
16 75 0.591729
16 76 1.12607
16 77 0.724482
16 78 1.28195
16 79 1.15287
16 80 0.641663
16 81 0.104588
16 82 1.20293
16 83 1.22072
16 84 1.42726
16 85 1.60504
16 86 0.73053
16 87 0.525136
16 88 1.70573
16 89 0.66461
16 90 0.464047
16 91 0.759177
16 92 0.356552
16 93 1.35737
16 94 0.811174
16 95 1.44941
16 96 1.11163
16 97 1.07203
16 98 0.121954
16 99 0.584731
17 18 0.258258
17 19 0.591427
17 20 1.17993
17 21 0.723196
17 22 0.656415
17 23 0.42361
17 24 1.08115
17 25 1.63674
17 26 1.22221
17 27 0.601981
17 28 0.846884
17 29 0.701971
17 30 1.69838
17 31 0.939133
17 32 0.603681
17 33 0.422162
17 34 1.35847
17 35 0.633477
17 36 0.858076
17 37 1.52166
17 38 0.850985
17 39 0.38769
17 40 0.891805
17 41 1.29447
17 42 0.674762
17 43 1.16477
17 44 0.803431
17 45 0.648001
17 46 0.71391
17 47 0.654505
17 48 1.4085
17 49 1.31444
17 50 1.18958
17 51 1.07318
17 52 0.669336
17 53 0.975363
17 54 0.169181
17 55 0.426029
17 56 0.514876
17 57 1.41598
17 58 1.24733
17 59 0.185052
17 60 0.698973
17 61 0.397004
17 62 1.53306
17 63 1.57993
17 64 1.15699
17 65 0.113581
17 66 1.11562
17 67 1.12692
17 68 1.43927
17 69 0.595113
17 70 0.597673
17 71 0.375374
17 72 0.760438
17 73 0.547105
17 74 0.9137
17 75 1.08486
17 76 1.06467
17 77 1.06767
17 78 0.598392
17 79 0.590908
17 80 1.47632
17 81 0.837237
17 82 0.396168
17 83 0.669619
17 84 1.37564
17 85 0.693939
17 86 0.220027
17 87 1.11926
17 88 0.839613
17 89 1.21603
17 90 0.766883
17 91 0.196692
17 92 1.16987
17 93 0.840969
17 94 0.265061
17 95 0.676058
17 96 0.245504
17 97 0.27195
17 98 0.845224
17 99 0.385919
18 19 0.589585
18 20 1.2353
18 21 0.979413
18 22 0.824866
18 23 0.238746
18 24 1.20043
18 25 1.63526
18 26 1.44142
18 27 0.848659
18 28 1.08914
18 29 0.954467
18 30 1.70776
18 31 1.11886
18 32 0.37118
18 33 0.619721
18 34 1.48855
18 35 0.431385
18 36 0.60109
18 37 1.47121
18 38 0.673834
18 39 0.206308
18 40 0.882539
18 41 1.42127
18 42 0.924562
18 43 1.08091
18 44 0.854485
18 45 0.577082
18 46 0.4579
18 47 0.811641
18 48 1.6246
18 49 1.22491
18 50 1.31425
18 51 0.903118
18 52 0.870286
18 53 0.741867
18 54 0.421847
18 55 0.681454
18 56 0.320232
18 57 1.63736
18 58 1.46498
18 59 0.409339
18 60 0.661893
18 61 0.507065
18 62 1.74358
18 63 1.77537
18 64 1.15188
18 65 0.366677
18 66 1.32496
18 67 1.30772
18 68 1.63739
18 69 0.846027
18 70 0.357578
18 71 0.145417
18 72 0.971676
18 73 0.340859
18 74 0.658984
18 75 0.914249
18 76 1.28407
18 77 0.867343
18 78 0.854703
18 79 0.847526
18 80 1.5116
18 81 0.802168
18 82 0.643569
18 83 0.926993
18 84 1.60444
18 85 0.858395
18 86 0.222997
18 87 1.20852
18 88 1.03787
18 89 1.04417
18 90 0.87448
18 91 0.200997
18 92 1.202
18 93 1.0988
18 94 0.477977
18 95 0.917374
18 96 0.487875
18 97 0.527904
18 98 0.848498
18 99 0.322578
19 20 0.652027
19 21 1.0887
19 22 1.22968
19 23 0.431469
19 24 0.682795
19 25 1.05468
19 26 1.14149
19 27 1.05167
19 28 0.944259
19 29 1.10547
19 30 1.12279
19 31 0.737201
19 32 0.571803
19 33 0.47461
19 34 0.969897
19 35 0.484678
19 36 0.969571
19 37 0.931603
19 38 0.519598
19 39 0.4366
19 40 0.302224
19 41 0.900983
19 42 0.863765
19 43 0.599226
19 44 0.282039
19 45 0.163998
19 46 0.869957
19 47 0.45026
19 48 1.29773
19 49 0.748593
19 50 0.796812
19 51 0.666264
19 52 0.611353
19 53 0.801056
19 54 0.696036
19 55 0.74246
19 56 0.892903
19 57 1.32914
19 58 1.15697
19 59 0.515265
19 60 0.126314
19 61 0.987902
19 62 1.38982
19 63 1.37478
19 64 0.571074
19 65 0.661377
19 66 1.00242
19 67 0.903607
19 68 1.25233
19 69 0.814112
19 70 0.865658
19 71 0.716258
19 72 1.28464
19 73 0.902631
19 74 0.892102
19 75 0.677252
19 76 1.00266
19 77 0.746835
19 78 0.983205
19 79 0.873696
19 80 0.922056
19 81 0.249884
19 82 0.87841
19 83 0.949136
19 84 1.32904
19 85 1.26837
19 86 0.396287
19 87 0.651549
19 88 1.3781
19 89 0.792329
19 90 0.381559
19 91 0.425076
19 92 0.612624
19 93 1.10314
19 94 0.489986
19 95 1.1374
19 96 0.777156
19 97 0.743739
19 98 0.26112
19 99 0.269398
20 21 1.40611
20 22 1.74006
20 23 1.08039
20 24 0.315954
20 25 0.530906
20 26 0.991091
20 27 1.45049
20 28 1.06183
20 29 1.45304
20 30 0.560103
20 31 0.634268
20 32 1.19339
20 33 0.859124
20 34 0.461022
20 35 1.08668
20 36 1.58666
20 37 0.622607
20 38 1.00164
20 39 1.08795
20 40 0.414647
20 41 0.407791
20 42 1.10019
20 43 0.634551
20 44 0.3821
20 45 0.734081
20 46 1.50422
20 47 0.628586
20 48 1.06742
20 49 0.699181
20 50 0.355101
20 51 1.00852
20 52 0.774687
20 53 1.3145
20 54 1.22814
20 55 1.13071
20 56 1.54424
20 57 1.11965
20 58 0.99018
20 59 1.04006
20 60 0.623654
20 61 1.56606
20 62 1.10018
20 63 1.01373
20 64 0.282965
20 65 1.21327
20 66 0.864175
20 67 0.668667
20 68 0.940395
20 69 1.09748
20 70 1.51512
20 71 1.36684
20 72 1.72502
20 73 1.5546
20 74 1.47027
20 75 1.0143
20 76 0.92518
20 77 1.15807
20 78 1.34244
20 79 1.18432
20 80 0.306585
20 81 0.523997
20 82 1.33876
20 83 1.23079
20 84 1.1664
20 85 1.77851
20 86 1.02537
20 87 0.167812
20 88 1.8279
20 89 1.06494
20 90 0.443818
20 91 1.05307
20 92 0.111419
20 93 1.32347
20 94 0.976756
20 95 1.5318
20 96 1.29409
20 97 1.23091
20 98 0.417633
20 99 0.920404
21 22 0.575039
21 23 1.12757
21 24 1.15545
21 25 1.93508
21 26 0.855581
21 27 0.184973
21 28 0.442593
21 29 0.074843
21 30 1.96523
21 31 0.848473
21 32 1.32035
21 33 0.620024
21 34 1.33635
21 35 1.3316
21 36 1.57094
21 37 1.93657
21 38 1.51517
21 39 1.09397
21 40 1.31677
21 41 1.29543
21 42 0.314051
21 43 1.67598
21 44 1.13503
21 45 1.22064
21 46 1.4257
21 47 0.786679
21 48 1.02502
21 49 1.82086
21 50 1.21998
21 51 1.71648
21 52 0.631957
21 53 1.68716
21 54 0.557757
21 55 0.349892
21 56 1.16965
21 57 1.0028
21 58 0.884104
21 59 0.633035
21 60 1.21481
21 61 0.712028
21 62 1.16055
21 63 1.27211
21 64 1.52359
21 65 0.612737
21 66 0.828899
21 67 0.969952
21 68 1.13948
21 69 0.309268
21 70 1.29019
21 71 1.07644
21 72 0.410356
21 73 1.2085
21 74 1.63689
21 75 1.7282
21 76 0.737419
21 77 1.74624
21 78 0.124804
21 79 0.226242
21 80 1.70486
21 81 1.3181
21 82 0.348737
21 83 0.177602
21 84 0.925578
21 85 0.597901
21 86 0.889132
21 87 1.27051
21 88 0.505693
21 89 1.85461
21 90 0.980936
21 91 0.879576
21 92 1.45336
21 93 0.203051
21 94 0.617579
21 95 0.201155
21 96 0.50061
21 97 0.451595
21 98 1.25839
21 99 1.024
22 23 1.05119
22 24 1.55874
22 25 2.23852
22 26 1.4109
22 27 0.400733
22 28 0.981946
22 29 0.501836
22 30 2.28894
22 31 1.30684
22 32 1.19315
22 33 0.881919
22 34 1.7928
22 35 1.25463
22 36 1.30147
22 37 2.15899
22 38 1.49037
22 39 1.01526
22 40 1.51985
22 41 1.74008
22 42 0.807153
22 43 1.81753
22 44 1.39256
22 45 1.30301
22 46 1.16617
22 47 1.12608
22 48 1.5883
22 49 1.96762
22 50 1.64779
22 51 1.7175
22 52 1.036
22 53 1.55698
22 54 0.534251
22 55 0.635625
22 56 0.849492
22 57 1.57064
22 58 1.43958
22 59 0.721483
22 60 1.34573
22 61 0.332043
22 62 1.72425
22 63 1.82445
22 64 1.77347
22 65 0.569273
22 66 1.36099
22 67 1.46442
22 68 1.6869
22 69 0.75261
22 70 1.00327
22 71 0.84472
22 72 0.23317
22 73 0.888799
22 74 1.43098
22 75 1.72897
22 76 1.27685
22 77 1.69191
22 78 0.52252
22 79 0.673486
22 80 2.04632
22 81 1.47943
22 82 0.408598
22 83 0.69244
22 84 1.49713
22 85 0.0389447
22 86 0.876286
22 87 1.64023
22 88 0.24143
22 89 1.86009
22 90 1.29728
22 91 0.851934
22 92 1.7549
22 93 0.778045
22 94 0.770517
22 95 0.377757
22 96 0.455978
22 97 0.509783
22 98 1.46778
22 99 1.04226
23 24 1.10066
23 25 1.43608
23 26 1.45193
23 27 1.02208
23 28 1.15132
23 29 1.11529
23 30 1.5139
23 31 1.08585
23 32 0.201928
23 33 0.645375
23 34 1.39063
23 35 0.209888
23 36 0.565495
23 37 1.25039
23 38 0.439507
23 39 0.0363284
23 40 0.695187
23 41 1.32184
23 42 1.01062
23 43 0.851603
23 44 0.713109
23 45 0.369278
23 46 0.448567
23 47 0.772019
23 48 1.62656
23 49 0.992808
23 50 1.21579
23 51 0.667845
23 52 0.876666
23 53 0.559634
23 54 0.590482
23 55 0.795991
23 56 0.480253
23 57 1.64763
23 58 1.4725
23 59 0.501625
23 60 0.469359
23 61 0.741947
23 62 1.73503
23 63 1.74504
23 64 0.958264
23 65 0.535984
23 66 1.32335
23 67 1.26919
23 68 1.61301
23 69 0.938228
23 70 0.43478
23 71 0.315917
23 72 1.17974
23 73 0.483124
23 74 0.545155
23 75 0.679164
23 76 1.29877
23 77 0.646077
23 78 1.00417
23 79 0.961004
23 80 1.33638
23 81 0.602289
23 82 0.81737
23 83 1.04316
23 84 1.62813
23 85 1.08616
23 86 0.241869
23 87 1.08163
23 88 1.25355
23 89 0.809883
23 90 0.780768
23 91 0.248185
23 92 1.03119
23 93 1.21558
23 94 0.543583
23 95 1.09838
23 96 0.669073
23 97 0.686006
23 98 0.671341
23 99 0.184308
24 25 0.823947
24 26 0.676034
24 27 1.22791
24 28 0.77335
24 29 1.21067
24 30 0.833501
24 31 0.331526
24 32 1.25448
24 33 0.692283
24 34 0.290288
24 35 1.1652
24 36 1.65183
24 37 0.937969
24 38 1.14564
24 39 1.09774
24 40 0.573226
24 41 0.22185
24 42 0.84194
24 43 0.89284
24 44 0.41574
24 45 0.817117
24 46 1.54744
24 47 0.440148
24 48 0.763099
24 49 0.983526
24 50 0.115169
24 51 1.20772
24 52 0.533523
24 53 1.45301
24 54 1.08667
24 55 0.926025
24 56 1.52046
24 57 0.812709
24 58 0.67615
24 59 0.913079
24 60 0.713132
24 61 1.43664
24 62 0.810792
24 63 0.747887
24 64 0.567681
24 65 1.08549
24 66 0.548229
24 67 0.354581
24 68 0.653557
24 69 0.855199
24 70 1.52403
24 71 1.34309
24 72 1.50896
24 73 1.53852
24 74 1.57036
24 75 1.2156
24 76 0.61106
24 77 1.33859
24 78 1.11006
24 79 0.944551
24 80 0.569392
24 81 0.669805
24 82 1.15017
24 83 0.977846
24 84 0.854121
24 85 1.59577
24 86 0.977824
24 87 0.148165
24 88 1.61287
24 89 1.2898
24 90 0.326089
24 91 1.00183
24 92 0.413411
24 93 1.04743
24 94 0.837734
24 95 1.30367
24 96 1.1386
24 97 1.06382
24 98 0.542935
24 99 0.920138
25 26 1.47113
25 27 1.97148
25 28 1.58985
25 29 1.98008
25 30 0.0972403
25 31 1.15426
25 32 1.4895
25 33 1.36804
25 34 0.83228
25 35 1.37114
25 36 1.84675
25 37 0.329443
25 38 1.19962
25 39 1.45419
25 40 0.754044
25 41 0.813993
25 42 1.63076
25 43 0.676634
25 44 0.846119
25 45 1.067
25 46 1.79925
25 47 1.15204
25 48 1.50985
25 49 0.620117
25 50 0.817742
25 51 1.09991
25 52 1.3047
25 53 1.48203
25 54 1.7121
25 55 1.64832
25 56 1.91633
25 57 1.56704
25 58 1.46474
25 59 1.52186
25 60 0.973735
25 61 2.03282
25 62 1.50922
25 63 1.38728
25 64 0.484087
25 65 1.68897
25 66 1.35793
25 67 1.15324
25 68 1.35427
25 69 1.62597
25 70 1.852
25 71 1.748
25 72 2.24158
25 73 1.91785
25 74 1.68689
25 75 1.10003
25 76 1.42989
25 77 1.26544
25 78 1.86729
25 79 1.71189
25 80 0.264707
25 81 0.835141
25 82 1.84643
25 83 1.76055
25 84 1.62957
25 85 2.27737
25 86 1.45095
25 87 0.68333
25 88 2.34335
25 89 1.08632
25 90 0.960638
25 91 1.47973
25 92 0.487122
25 93 1.85413
25 94 1.46806
25 95 2.05424
25 96 1.78475
25 97 1.72959
25 98 0.794233
25 99 1.31336
26 27 1.0117
26 28 0.430323
26 29 0.929718
26 30 1.46095
26 31 0.415608
26 32 1.64585
26 33 0.82277
26 34 0.66733
26 35 1.59289
26 36 2.01056
26 37 1.61367
26 38 1.66059
26 39 1.43303
26 40 1.17559
26 41 0.665094
26 42 0.614773
26 43 1.5364
26 44 0.97193
26 45 1.30467
26 46 1.87901
26 47 0.696312
26 48 0.187668
26 49 1.64346
26 50 0.654681
26 51 1.78154
26 52 0.576786
26 53 1.93649
26 54 1.13098
26 55 0.851841
26 56 1.73595
26 57 0.196415
26 58 0.0286885
26 59 1.04103
26 60 1.22879
26 61 1.43996
26 62 0.319632
26 63 0.416532
26 64 1.23659
26 65 1.1621
26 66 0.141638
26 67 0.322718
26 68 0.286884
26 69 0.685038
26 70 1.79897
26 71 1.58174
26 72 1.26594
26 73 1.76639
26 74 1.99022
26 75 1.7913
26 76 0.157693
26 77 1.88337
26 78 0.888387
26 79 0.747512
26 80 1.20686
26 81 1.24587
26 82 1.0557
26 83 0.71851
26 84 0.190019
26 85 1.43918
26 86 1.24236
26 87 0.823542
26 88 1.3599
26 89 1.88747
26 90 0.789356
26 91 1.25401
26 92 1.08901
26 93 0.665447
26 94 0.965876
26 95 1.05409
26 96 1.13561
26 97 1.05038
26 98 1.12795
26 99 1.27557
27 28 0.584802
27 29 0.123431
27 30 2.00996
27 31 0.944709
27 32 1.20564
27 33 0.611804
27 34 1.43619
27 35 1.2308
27 36 1.42569
27 37 1.94189
27 38 1.43275
27 39 0.986852
27 40 1.30762
27 41 1.38913
27 42 0.419459
27 43 1.6497
27 44 1.14366
27 45 1.16654
27 46 1.28086
27 47 0.821905
27 48 1.18786
27 49 1.79795
27 50 1.30483
27 51 1.64464
27 52 0.694384
27 53 1.57725
27 54 0.432889
27 55 0.325053
27 56 1.00873
27 57 1.16991
27 58 1.04039
27 59 0.554359
27 60 1.17732
27 61 0.531753
27 62 1.32381
27 63 1.42655
27 64 1.53528
27 65 0.488401
27 66 0.968385
27 67 1.0874
27 68 1.29025
27 69 0.379239
27 70 1.13761
27 71 0.930992
27 72 0.281794
27 73 1.0483
27 74 1.50706
27 75 1.65643
27 76 0.881483
27 77 1.65822
27 78 0.126888
27 79 0.291765
27 80 1.75513
27 81 1.29358
27 82 0.205936
27 83 0.294927
27 84 1.09689
27 85 0.427671
27 86 0.793446
27 87 1.3289
27 88 0.38555
27 89 1.78568
27 90 1.01094
27 91 0.778975
27 92 1.48478
27 93 0.383462
27 94 0.562353
27 95 0.0859806
27 96 0.360807
27 97 0.337277
27 98 1.25058
27 99 0.943395
28 29 0.513754
28 30 1.60568
28 31 0.444273
28 32 1.35291
28 33 0.50959
28 34 0.91245
28 35 1.32472
28 36 1.68314
28 37 1.64837
28 38 1.44697
28 39 1.12563
28 40 1.08632
28 41 0.878919
28 42 0.188586
28 43 1.46342
28 44 0.880293
28 45 1.10341
28 46 1.54365
28 47 0.520732
28 48 0.612622
28 49 1.59501
28 50 0.816637
28 51 1.61047
28 52 0.341064
28 53 1.6846
28 54 0.730189
28 55 0.440255
28 56 1.35913
28 57 0.603195
28 58 0.458895
28 59 0.679934
28 60 1.05809
28 61 1.01805
28 62 0.7478
28 63 0.842512
28 64 1.23694
28 65 0.769057
28 66 0.386775
28 67 0.534823
28 68 0.705503
28 69 0.265206
28 70 1.4422
28 71 1.22021
28 72 0.848927
28 73 1.39285
28 74 1.69596
28 75 1.62149
28 76 0.297171
28 77 1.6808
28 78 0.459784
28 79 0.318293
28 80 1.34149
28 81 1.12229
28 82 0.628938
28 83 0.290006
28 84 0.544578
28 85 1.01109
28 86 0.918238
28 87 0.907107
28 88 0.947018
28 89 1.73535
28 90 0.695692
28 91 0.9227
28 92 1.1311
28 93 0.283464
28 94 0.616766
28 95 0.633956
28 96 0.722041
28 97 0.639075
28 98 1.02939
28 99 0.995004
29 30 2.01297
29 31 0.909766
29 32 1.30408
29 33 0.644989
29 34 1.39957
29 35 1.32193
29 36 1.53903
29 37 1.97089
29 38 1.5141
29 39 1.08084
29 40 1.34485
29 41 1.35696
29 42 0.373903
29 43 1.69825
29 44 1.16911
29 45 1.23097
29 46 1.3939
29 47 0.82859
29 48 1.09975
29 49 1.84461
29 50 1.27894
29 51 1.72029
29 52 0.681915
29 53 1.67369
29 54 0.533573
29 55 0.363137
29 56 1.12797
29 57 1.07764
29 58 0.958273
29 59 0.630119
29 60 1.23179
29 61 0.655162
29 62 1.23531
29 63 1.34623
29 64 1.55963
29 65 0.589287
29 66 0.90049
29 67 1.03704
29 68 1.21312
29 69 0.356944
29 70 1.25378
29 71 1.04388
29 72 0.336482
29 73 1.16732
29 74 1.61341
29 75 1.73206
29 76 0.809706
29 77 1.74299
29 78 0.122288
29 79 0.268839
29 80 1.7541
29 81 1.34038
29 82 0.312928
29 83 0.237375
29 84 1.00031
29 85 0.523917
29 86 0.880529
29 87 1.32165
29 88 0.433289
29 89 1.85983
29 90 1.02197
29 91 0.868718
29 92 1.49608
29 93 0.277096
29 94 0.624192
29 95 0.126393
29 96 0.468654
29 97 0.430837
29 98 1.28683
29 99 1.02257
30 31 1.165
30 32 1.57418
30 33 1.41269
30 34 0.807713
30 35 1.45629
30 36 1.93581
30 37 0.425019
30 38 1.29043
30 39 1.53074
30 40 0.825224
30 41 0.797307
30 42 1.65729
30 43 0.770797
30 44 0.900167
30 45 1.14465
30 46 1.8852
30 47 1.1882
30 48 1.48771
30 49 0.717233
30 50 0.813768
30 51 1.19537
30 52 1.33333
30 53 1.57575
30 54 1.76673
30 55 1.68889
30 56 1.99391
30 57 1.54578
30 58 1.45272
30 59 1.57661
30 60 1.04812
30 61 2.09303
30 62 1.47859
30 63 1.35014
30 64 0.556561
30 65 1.74596
30 66 1.35386
30 67 1.14808
30 68 1.32654
30 69 1.65704
30 70 1.93379
30 71 1.82377
30 72 2.28318
30 73 1.99662
30 74 1.77852
30 75 1.19568
30 76 1.43
30 77 1.36094
30 78 1.90253
30 79 1.74419
30 80 0.264214
30 81 0.911674
30 82 1.89247
30 83 1.78928
30 84 1.61253
30 85 2.32767
30 86 1.51824
30 87 0.699953
30 88 2.38567
30 89 1.18335
30 90 1.00028
30 91 1.54696
30 92 0.534242
30 93 1.87522
30 94 1.51968
30 95 2.09162
30 96 1.83737
30 97 1.77923
30 98 0.861674
30 99 1.38526
31 32 1.27009
31 33 0.517081
31 34 0.491564
31 35 1.20516
31 36 1.65121
31 37 1.24436
31 38 1.25301
31 39 1.07219
31 40 0.761679
31 41 0.447202
31 42 0.535874
31 43 1.12759
31 44 0.556591
31 45 0.898197
31 46 1.52819
31 47 0.314124
31 48 0.560853
31 49 1.24132
31 50 0.374465
31 51 1.36682
31 52 0.281882
31 53 1.53767
31 54 0.896344
31 55 0.674922
31 56 1.43204
31 57 0.594715
31 58 0.426882
31 59 0.755142
31 60 0.81697
31 61 1.24081
31 62 0.654973
31 63 0.660424
31 64 0.84695
31 65 0.910631
31 66 0.273979
31 67 0.189082
31 68 0.52717
31 69 0.56548
31 70 1.46984
31 71 1.26395
31 72 1.22581
31 73 1.45739
31 74 1.60971
31 75 1.37646
31 76 0.305035
31 77 1.47216
31 78 0.820738
31 79 0.653477
31 80 0.900916
31 81 0.830268
31 82 0.904271
31 83 0.672693
31 84 0.605617
31 85 1.34168
31 86 0.902835
31 87 0.471852
31 88 1.32897
31 89 1.47187
31 90 0.374202
31 91 0.920153
31 92 0.716849
31 93 0.72306
31 94 0.67467
31 95 1.01355
31 96 0.929305
31 97 0.84628
31 98 0.71296
31 99 0.903106
32 33 0.845938
32 34 1.54159
32 35 0.119078
32 36 0.398161
32 37 1.26602
32 38 0.352336
32 39 0.230666
32 40 0.7861
32 41 1.47269
32 42 1.2123
32 43 0.853577
32 44 0.84907
32 45 0.459322
32 46 0.313808
32 47 0.958346
32 48 1.81781
32 49 0.980159
32 50 1.36861
32 51 0.573259
32 52 1.07288
32 53 0.372663
32 54 0.772847
32 55 0.994384
32 56 0.481854
32 57 1.84084
32 58 1.66567
32 59 0.70062
32 60 0.569899
32 61 0.868655
32 62 1.92299
32 63 1.92576
32 64 1.03008
32 65 0.717248
32 66 1.51497
32 67 1.44984
32 68 1.79646
32 69 1.13949
32 70 0.374051
32 71 0.370686
32 72 1.34249
32 73 0.467924
32 74 0.345343
32 75 0.583189
32 76 1.49416
32 77 0.507505
32 78 1.19614
32 79 1.16022
32 80 1.42329
32 81 0.681246
32 82 0.999759
32 83 1.24225
32 84 1.82424
32 85 1.22565
32 86 0.442053
32 87 1.21787
32 88 1.40895
32 89 0.706625
32 90 0.944847
32 91 0.445349
32 92 1.12928
32 93 1.41497
32 94 0.745147
32 95 1.27868
32 96 0.847008
32 97 0.873257
32 98 0.775804
32 99 0.370305
33 34 0.954341
33 35 0.815149
33 36 1.19226
33 37 1.33049
33 38 0.947772
33 39 0.62185
33 40 0.700009
33 41 0.893709
33 42 0.395176
33 43 1.05596
33 44 0.532146
33 45 0.61969
33 46 1.05796
33 47 0.252136
33 48 1.00504
33 49 1.20102
33 50 0.792667
33 51 1.12729
33 52 0.25138
33 53 1.1754
33 54 0.395489
33 55 0.287278
33 56 0.923091
33 57 1.01905
33 58 0.845847
33 59 0.238139
33 60 0.599311
33 61 0.74591
33 62 1.12408
33 63 1.16153
33 64 0.923626
33 65 0.40011
33 66 0.70535
33 67 0.704762
33 68 1.02188
33 69 0.34009
33 70 0.97691
33 71 0.761916
33 72 0.874477
33 73 0.950968
33 74 1.19048
33 75 1.13873
33 76 0.665964
33 77 1.18264
33 78 0.523782
33 79 0.400226
33 80 1.16568
33 81 0.698111
33 82 0.479957
33 83 0.474583
33 84 0.990653
33 85 0.920158
33 86 0.421699
33 87 0.760389
33 88 0.975633
33 89 1.25971
33 90 0.415591
33 91 0.431742
33 92 0.881161
33 93 0.630336
33 94 0.157671
33 95 0.697018
33 96 0.446885
33 97 0.375509
33 98 0.642141
33 99 0.485415
34 35 1.44939
34 36 1.93947
34 37 1.03693
34 38 1.41322
34 39 1.38799
34 40 0.825567
34 41 0.0689284
34 42 1.02591
34 43 1.09484
34 44 0.695741
34 45 1.0976
34 46 1.83688
34 47 0.706075
34 48 0.680002
34 49 1.15786
34 50 0.175174
34 51 1.45199
34 52 0.757224
34 53 1.72424
34 54 1.34933
34 55 1.15759
34 56 1.80876
34 57 0.738117
34 58 0.655292
34 59 1.18448
34 60 0.990625
34 61 1.69948
34 62 0.678343
34 63 0.567897
34 64 0.743946
34 65 1.35355
34 66 0.581641
34 67 0.384858
34 68 0.522132
34 69 1.05695
34 70 1.81425
34 71 1.63183
34 72 1.71737
34 73 1.82748
34 74 1.85215
34 75 1.45878
34 76 0.670457
34 77 1.59293
34 78 1.31229
34 79 1.14504
34 80 0.570475
34 81 0.929956
34 82 1.38655
34 83 1.1622
34 84 0.806917
34 85 1.8284
34 86 1.26565
34 87 0.344213
34 88 1.82053
34 89 1.51909
34 90 0.615429
34 91 1.28909
34 92 0.572113
34 93 1.19591
34 94 1.10656
34 95 1.50497
34 96 1.39398
34 97 1.31482
34 98 0.805745
34 99 1.2104
35 36 0.499984
35 37 1.14727
35 38 0.248992
35 39 0.245971
35 40 0.675804
35 41 1.38069
35 42 1.19628
35 43 0.735194
35 44 0.753939
35 45 0.3554
35 46 0.429458
35 47 0.898463
35 48 1.75986
35 49 0.863485
35 50 1.27816
35 51 0.477042
35 52 1.0274
35 53 0.361992
35 54 0.799956
35 55 0.994226
35 56 0.591439
35 57 1.78604
35 58 1.61131
35 59 0.700685
35 60 0.465843
35 61 0.938245
35 62 1.86007
35 63 1.85445
35 64 0.914491
35 65 0.745667
35 66 1.45862
35 67 1.38006
35 68 1.72841
35 69 1.12725
35 70 0.491772
35 71 0.462996
35 72 1.38879
35 73 0.580598
35 74 0.407802
35 75 0.487731
35 76 1.44457
35 77 0.438003
35 78 1.20907
35 79 1.15688
35 80 1.30931
35 81 0.569187
35 82 1.02656
35 83 1.23905
35 84 1.77504
35 85 1.28878
35 86 0.442467
35 87 1.11981
35 88 1.46122
35 89 0.615776
35 90 0.864733
35 91 0.453213
35 92 1.01864
35 93 1.41025
35 94 0.733564
35 95 1.30772
35 96 0.878908
35 97 0.894087
35 98 0.66945
35 99 0.329759
36 37 1.59345
36 38 0.65043
36 39 0.57976
36 40 1.17525
36 41 1.87055
36 42 1.52384
36 43 1.18271
36 44 1.24719
36 45 0.854196
36 46 0.145239
36 47 1.33723
36 48 2.188
36 49 1.28808
36 50 1.76619
36 51 0.811955
36 52 1.43379
36 53 0.436786
36 54 1.01523
36 55 1.28254
36 56 0.452967
36 57 2.20684
36 58 2.0321
36 59 1.00499
36 60 0.964914
36 61 0.973005
36 62 2.29879
36 63 2.31053
36 64 1.40652
36 65 0.961815
36 66 1.88492
36 67 1.83465
36 68 2.17834
36 69 1.44596
36 70 0.298572
36 71 0.495147
36 72 1.49502
36 73 0.414714
36 74 0.205273
36 75 0.817925
36 76 1.8555
36 77 0.676771
36 78 1.44715
36 79 1.44851
36 80 1.80388
36 81 1.06782
36 82 1.2262
36 83 1.52766
36 84 2.18255
36 85 1.32601
36 86 0.770612
36 87 1.61575
36 88 1.53885
36 89 0.909589
36 90 1.33911
36 91 0.762453
36 92 1.51755
36 93 1.69898
36 94 1.06659
36 95 1.4852
36 96 1.07117
36 97 1.12254
36 98 1.16934
36 99 0.749216
37 38 0.943984
37 39 1.27449
37 40 0.640352
37 41 1.00037
37 42 1.65171
37 43 0.41353
37 44 0.801873
37 45 0.89502
37 46 1.56419
37 47 1.156
37 48 1.68537
37 49 0.314278
37 50 0.970674
37 51 0.808607
37 52 1.32873
37 53 1.20123
37 54 1.62474
37 55 1.61777
37 56 1.72325
37 57 1.73897
37 58 1.61274
37 59 1.43887
37 60 0.824292
37 61 1.9164
37 62 1.7077
37 63 1.60482
37 64 0.414669
37 65 1.59237
37 66 1.4856
37 67 1.29127
37 68 1.54828
37 69 1.63097
37 70 1.63857
37 71 1.56621
37 72 2.19607
37 73 1.71892
37 74 1.41893
37 75 0.80683
37 76 1.54286
37 77 0.971762
37 78 1.85168
37 79 1.71036
37 80 0.496618
37 81 0.684529
37 82 1.79048
37 83 1.77064
37 84 1.78839
37 85 2.19782
37 86 1.31563
37 87 0.790148
37 88 2.29379
37 89 0.77512
37 90 0.963545
37 91 1.34386
37 92 0.528216
37 93 1.88889
37 94 1.39947
37 95 2.02735
37 96 1.70397
37 97 1.66199
37 98 0.694819
37 99 1.16066
38 39 0.475216
38 40 0.591936
38 41 1.34657
38 42 1.34194
38 43 0.532317
38 44 0.73298
38 45 0.355949
38 46 0.624668
38 47 0.969356
38 48 1.81379
38 49 0.643376
38 50 1.25165
38 51 0.229381
38 52 1.12415
38 53 0.313123
38 54 1.01075
38 55 1.16815
38 56 0.834152
38 57 1.84688
38 58 1.67559
38 59 0.884034
38 60 0.440395
38 61 1.18032
38 62 1.90088
38 63 1.87404
38 64 0.781274
38 65 0.95897
38 66 1.52098
38 67 1.41139
38 68 1.75812
38 69 1.2804
38 70 0.72049
38 71 0.711912
38 72 1.61141
38 73 0.819896
38 74 0.489019
38 75 0.240439
38 76 1.5222
38 77 0.234885
38 78 1.39645
38 79 1.32284
38 80 1.17866
38 81 0.484361
38 82 1.23297
38 83 1.40376
38 84 1.84849
38 85 1.52552
38 86 0.64086
38 87 1.0706
38 88 1.68884
38 89 0.370553
38 90 0.885518
38 91 0.658369
38 92 0.915269
38 93 1.57009
38 94 0.899944
38 95 1.51327
38 96 1.09291
38 97 1.09628
38 98 0.607475
38 99 0.491612
39 40 0.70915
39 41 1.31934
39 42 0.982115
39 43 0.878525
39 44 0.716678
39 45 0.387476
39 46 0.457275
39 47 0.75807
39 48 1.60904
39 49 1.02098
39 50 1.21291
39 51 0.703244
39 52 0.856831
39 53 0.593272
39 54 0.554918
39 55 0.764341
39 56 0.463676
39 57 1.62903
39 58 1.45403
39 59 0.470245
39 60 0.48364
39 61 0.707135
39 62 1.71906
39 63 1.73217
39 64 0.974445
39 65 0.500271
39 66 1.30584
39 67 1.25679
39 68 1.59913
39 69 0.908951
39 70 0.429981
39 71 0.294231
39 72 1.14343
39 73 0.469331
39 74 0.570389
39 75 0.714601
39 76 1.27906
39 77 0.6824
39 78 0.970341
39 79 0.92986
39 80 1.34872
39 81 0.619268
39 82 0.781937
39 83 1.01195
39 84 1.60777
39 85 1.05032
39 86 0.211395
39 87 1.08361
39 88 1.21724
39 89 0.845436
39 90 0.775622
39 91 0.215501
39 92 1.04209
39 93 1.18457
39 94 0.514927
39 95 1.06283
39 96 0.633187
39 97 0.651129
39 98 0.682691
39 99 0.17765
40 41 0.760394
40 42 1.05197
40 43 0.377268
40 44 0.2094
40 45 0.330819
40 46 1.09928
40 47 0.566633
40 48 1.30174
40 49 0.511212
40 50 0.67104
40 51 0.634491
40 52 0.747199
40 53 0.904925
40 54 0.985873
40 55 0.985914
40 56 1.17276
40 57 1.3438
40 58 1.18437
40 59 0.798922
40 60 0.225831
40 61 1.28875
40 62 1.36907
40 63 1.31924
40 64 0.26996
40 65 0.955541
40 66 1.03448
40 67 0.884152
40 68 1.21655
40 69 1.01922
40 70 1.12481
40 71 1.00028
40 72 1.55704
40 73 1.1779
40 74 1.05563
40 75 0.642419
40 76 1.06216
40 77 0.76841
40 78 1.22379
40 79 1.09238
40 80 0.642173
40 81 0.109406
40 82 1.15086
40 83 1.15931
40 84 1.365
40 85 1.55873
40 86 0.698036
40 87 0.48145
40 88 1.65409
40 89 0.721257
40 90 0.399245
40 91 0.726819
40 92 0.343188
40 93 1.29438
40 94 0.759429
40 95 1.39347
40 96 1.06429
40 97 1.02167
40 98 0.058596
40 99 0.560071
41 42 0.983075
41 43 1.03855
41 44 0.627199
41 45 1.0292
41 46 1.76799
41 47 0.643894
41 48 0.696631
41 49 1.10686
41 50 0.10706
41 51 1.38904
41 52 0.704133
41 53 1.65718
41 54 1.28912
41 55 1.10447
41 56 1.74143
41 57 0.753361
41 58 0.655835
41 59 1.12192
41 60 0.922496
41 61 1.63949
41 62 0.707747
41 63 0.608698
41 64 0.690228
41 65 1.29198
41 66 0.567475
41 67 0.364052
41 68 0.548866
41 69 1.01027
41 70 1.74587
41 71 1.56431
41 72 1.67077
41 73 1.75987
41 74 1.78373
41 75 1.39603
41 76 0.65204
41 77 1.52843
41 78 1.26636
41 79 1.09899
41 80 0.549627
41 81 0.863931
41 82 1.33276
41 83 1.11989
41 84 0.816128
41 85 1.77607
41 86 1.19846
41 87 0.280057
41 88 1.77425
41 89 1.4588
41 90 0.54753
41 91 1.2221
41 92 0.519199
41 93 1.16194
41 94 1.04456
41 95 1.4597
41 96 1.33562
41 97 1.25743
41 98 0.739159
41 99 1.14178
42 43 1.42323
42 44 0.857008
42 45 1.01377
42 46 1.38203
42 47 0.49585
42 48 0.799258
42 49 1.5627
42 50 0.906123
42 51 1.52205
42 52 0.326858
42 53 1.55825
42 54 0.54753
42 55 0.256075
42 56 1.18191
42 57 0.791448
42 58 0.643069
42 59 0.519787
42 60 0.98555
42 61 0.829495
42 62 0.933783
42 63 1.02166
42 64 1.23705
42 65 0.589474
42 66 0.554004
42 67 0.668679
42 68 0.882339
42 69 0.0802505
42 70 1.2724
42 71 1.05007
42 72 0.696041
42 73 1.21671
42 74 1.55072
42 75 1.53345
42 76 0.472087
42 77 1.57681
42 78 0.292659
42 79 0.134255
42 80 1.39552
42 81 1.06997
42 82 0.44131
42 83 0.136982
42 84 0.732881
42 85 0.838287
42 86 0.771195
42 87 0.959822
42 88 0.79792
42 89 1.65343
42 90 0.688502
42 91 0.771724
42 92 1.15392
42 93 0.242759
42 94 0.467193
42 95 0.481239
42 96 0.534772
42 97 0.452876
42 98 0.993483
42 99 0.868616
43 44 0.585581
43 45 0.517874
43 46 1.15069
43 47 0.943238
43 48 1.6493
43 49 0.150204
43 50 0.969616
43 51 0.427545
43 52 1.12376
43 53 0.805439
43 54 1.28815
43 55 1.33553
43 56 1.31688
43 57 1.69517
43 58 1.54285
43 59 1.11278
43 60 0.475724
43 61 1.55044
43 62 1.70357
43 63 1.63459
43 64 0.353903
43 65 1.24877
43 66 1.39684
43 67 1.23164
43 68 1.54631
43 69 1.38581
43 70 1.22693
43 71 1.16546
43 72 1.88319
43 73 1.31066
43 74 1.01397
43 75 0.429063
43 76 1.43129
43 77 0.592669
43 78 1.57611
43 79 1.45465
43 80 0.70666
43 81 0.357978
43 82 1.4774
43 83 1.52503
43 84 1.72404
43 85 1.85576
43 86 0.948885
43 87 0.767421
43 88 1.97558
43 89 0.444042
43 90 0.774839
43 91 0.975776
43 92 0.524844
43 93 1.66599
43 94 1.08898
43 95 1.73557
43 96 1.37088
43 97 1.342
43 98 0.434065
43 99 0.785856
44 45 0.40221
44 46 1.15121
44 47 0.364034
44 48 1.10536
44 49 0.714719
44 50 0.526212
44 51 0.817207
44 52 0.543681
44 53 1.03802
44 54 0.866785
44 55 0.81868
44 56 1.16637
44 57 1.14498
44 58 0.982006
44 59 0.67657
44 60 0.297407
44 61 1.19492
44 62 1.18036
44 63 1.14328
44 64 0.391663
44 65 0.845976
44 66 0.830399
44 67 0.691107
44 68 1.03214
44 69 0.830979
44 70 1.14651
44 71 0.988288
44 72 1.40515
44 73 1.1785
44 74 1.15659
44 75 0.826274
44 76 0.854484
44 77 0.935454
44 78 1.05029
44 79 0.908932
44 80 0.672935
44 81 0.275183
44 82 1.00437
44 83 0.971102
44 84 1.16182
44 85 1.43144
44 86 0.643268
44 87 0.369818
44 88 1.5053
44 89 0.916584
44 90 0.189849
44 91 0.670982
44 92 0.367408
44 93 1.09792
44 94 0.622046
44 95 1.22857
44 96 0.938664
44 97 0.884241
44 98 0.156915
44 99 0.544107
45 46 0.77073
45 47 0.614251
45 48 1.45904
45 49 0.666967
45 50 0.928373
45 51 0.508819
45 52 0.773567
45 53 0.644328
45 54 0.77911
45 55 0.871043
45 56 0.849465
45 57 1.49141
45 58 1.3198
45 59 0.614848
45 60 0.11074
45 61 1.03274
45 62 1.54862
45 63 1.52813
45 64 0.589418
45 65 0.736435
45 66 1.16519
45 67 1.06045
45 68 1.40855
45 69 0.959331
45 70 0.794569
45 71 0.681654
45 72 1.38202
45 73 0.852049
45 74 0.754551
45 75 0.52011
45 76 1.16656
45 77 0.583018
45 78 1.10945
45 79 1.01271
45 80 0.972734
45 81 0.23326
45 82 0.981116
45 83 1.0907
45 84 1.49255
45 85 1.34094
45 86 0.431051
45 87 0.764968
45 88 1.47063
45 89 0.640026
45 90 0.534932
45 91 0.457905
45 92 0.672689
45 93 1.24992
45 94 0.607033
45 95 1.25115
45 96 0.862847
45 97 0.843133
45 98 0.316562
45 99 0.268566
46 47 1.21416
46 48 2.05827
46 49 1.26783
46 50 1.66242
46 51 0.815509
46 52 1.30252
46 53 0.479579
46 54 0.870158
46 55 1.13904
46 56 0.32452
46 57 2.07542
46 58 1.90113
46 59 0.864295
46 60 0.880709
46 61 0.835761
46 62 2.17145
46 63 2.18853
46 64 1.34354
46 65 0.816884
46 66 1.75565
46 67 1.71358
46 68 2.05459
46 69 1.30375
46 70 0.166055
46 71 0.350043
46 72 1.35509
46 73 0.289378
46 74 0.281493
46 75 0.823183
46 76 1.72309
46 77 0.701216
46 78 1.30194
46 79 1.30468
46 80 1.7371
46 81 0.994944
46 82 1.08104
46 83 1.38352
46 84 2.04857
46 85 1.192
46 86 0.636734
46 87 1.52102
46 88 1.40173
46 89 0.929177
46 90 1.22913
46 91 0.62647
46 92 1.44237
46 93 1.55458
46 94 0.927976
46 95 1.34099
46 96 0.925951
46 97 0.977479
46 98 1.08715
46 99 0.632464
47 48 0.861463
47 49 1.07702
47 50 0.541517
47 51 1.10903
47 52 0.180569
47 53 1.24023
47 54 0.646993
47 55 0.503497
47 56 1.12858
47 57 0.888007
47 58 0.713707
47 59 0.478421
47 60 0.550883
47 61 0.997284
47 62 0.964643
47 63 0.974369
47 64 0.741399
47 65 0.648146
47 66 0.56036
47 67 0.50006
47 68 0.841126
47 69 0.477929
47 70 1.15883
47 71 0.957057
47 72 1.09718
47 73 1.15199
47 74 1.3
47 75 1.11956
47 76 0.55331
47 77 1.19696
47 78 0.715279
47 79 0.561464
47 80 0.933626
47 81 0.60267
47 82 0.719025
47 83 0.616264
47 84 0.881681
47 85 1.16378
47 86 0.592362
47 87 0.514631
47 88 1.20036
47 89 1.2271
47 90 0.194348
47 91 0.611264
47 92 0.667506
47 93 0.735019
47 94 0.40067
47 95 0.903431
47 96 0.698652
47 97 0.625095
47 98 0.509216
47 99 0.589868
48 49 1.74605
48 50 0.714746
48 51 1.92179
48 52 0.756231
48 53 2.09739
48 54 1.31865
48 55 1.03906
48 56 1.92163
48 57 0.0593572
48 58 0.161379
48 59 1.22658
48 60 1.37674
48 61 1.62642
48 62 0.13596
48 63 0.265988
48 64 1.33073
48 65 1.34957
48 66 0.303224
48 67 0.418363
48 68 0.179488
48 69 0.871032
48 70 1.98193
48 71 1.7658
48 72 1.43422
48 73 1.95166
48 74 2.16085
48 75 1.93108
48 76 0.34411
48 77 2.03164
48 78 1.06655
48 79 0.93086
48 80 1.24596
48 81 1.3805
48 82 1.24056
48 83 0.897352
48 84 0.14804
48 85 1.61544
48 86 1.42233
48 87 0.904302
48 88 1.52527
48 89 2.02101
48 90 0.931468
48 91 1.43499
48 92 1.17247
48 93 0.828502
48 94 1.15065
48 95 1.22543
48 96 1.32293
48 97 1.2378
48 98 1.25826
48 99 1.44776
49 50 1.04877
49 51 0.494567
49 52 1.25744
49 53 0.88815
49 54 1.43836
49 55 1.48233
49 56 1.45118
49 57 1.7943
49 58 1.64802
49 59 1.26269
49 60 0.62566
49 61 1.6989
49 62 1.79162
49 63 1.71213
49 64 0.419
49 65 1.39893
49 66 1.50589
49 67 1.3315
49 68 1.63267
49 69 1.52782
49 70 1.35418
49 71 1.30443
49 72 2.03296
49 73 1.44297
49 74 1.10871
49 75 0.492619
49 76 1.5463
49 77 0.657485
49 78 1.72261
49 79 1.5984
49 80 0.706376
49 81 0.504644
49 82 1.62697
49 83 1.66751
49 84 1.82883
49 85 2.00582
49 86 1.098
49 87 0.848211
49 88 2.12558
49 89 0.466375
49 90 0.901283
49 91 1.1247
49 92 0.587893
49 93 1.80527
49 94 1.23796
49 95 1.88387
49 96 1.52106
49 97 1.49181
49 98 0.569479
49 99 0.934326
50 51 1.30386
50 52 0.61384
50 53 1.56076
50 54 1.18812
50 55 1.01257
50 56 1.6344
50 57 0.76837
50 58 0.649946
50 59 1.01849
50 60 0.822968
50 61 1.53852
50 62 0.745258
50 63 0.665181
50 64 0.629766
50 65 1.18949
50 66 0.540719
50 67 0.335533
50 68 0.585568
50 69 0.927614
50 70 1.63908
50 71 1.45725
50 72 1.58661
50 73 1.65281
50 74 1.68245
50 75 1.31129
50 76 0.616486
50 77 1.43919
50 78 1.1839
50 79 1.01688
50 80 0.554599
50 81 0.77167
50 82 1.23956
50 83 1.04307
50 84 0.820861
50 85 1.68423
50 86 1.09147
50 87 0.202212
50 88 1.69038
50 89 1.37971
50 90 0.440482
50 91 1.11517
50 92 0.463638
50 93 1.09717
50 94 0.941779
50 95 1.37771
50 96 1.23672
50 97 1.15978
50 98 0.645559
50 99 1.0353
51 52 1.27658
51 53 0.395068
51 54 1.22922
51 55 1.36702
51 56 1.05329
51 57 1.95994
51 58 1.79368
51 59 1.09153
51 60 0.558231
51 61 1.40935
51 62 1.99715
51 63 1.95302
51 64 0.749711
51 65 1.17883
51 66 1.64008
51 67 1.5083
51 68 1.84725
51 69 1.46591
51 70 0.929933
51 71 0.938808
51 72 1.83301
51 73 1.03616
51 74 0.62192
51 75 0.0117876
51 76 1.65285
51 77 0.165569
51 78 1.6007
51 79 1.51549
51 80 1.12877
51 81 0.54327
51 82 1.44812
51 83 1.59485
51 84 1.97139
51 85 1.75297
51 86 0.858682
51 87 1.10902
51 88 1.91256
51 89 0.142888
51 90 0.992627
51 91 0.878205
51 92 0.907886
51 93 1.7567
51 94 1.0989
51 95 1.72669
51 96 1.31228
51 97 1.31029
51 98 0.668905
51 99 0.70156
52 53 1.38
52 54 0.615414
52 55 0.400466
52 56 1.17431
52 57 0.773114
52 58 0.598624
52 59 0.48429
52 60 0.720689
52 61 0.958938
52 62 0.873329
52 63 0.91106
52 64 0.914299
52 65 0.632068
52 66 0.454905
52 67 0.463022
52 68 0.77096
52 69 0.324973
52 70 1.22692
52 71 1.01305
52 72 0.975533
52 73 1.20234
52 74 1.41808
52 75 1.28739
52 76 0.422233
52 77 1.35557
52 78 0.577374
52 79 0.413573
52 80 1.07301
52 81 0.781233
52 82 0.629329
52 83 0.456116
52 84 0.751549
52 85 1.07194
52 86 0.666177
52 87 0.639739
52 88 1.07944
52 89 1.3985
52 90 0.365684
52 91 0.678811
52 92 0.827086
52 93 0.560202
52 94 0.404742
52 95 0.770607
52 96 0.64748
52 97 0.564754
52 98 0.68977
52 99 0.703591
53 54 1.14436
53 55 1.3539
53 56 0.77591
53 57 2.12699
53 58 1.95343
53 59 1.05965
53 60 0.741325
53 61 1.2281
53 62 2.19087
53 63 2.17244
53 64 1.08755
53 65 1.08893
53 66 1.7994
53 67 1.70403
53 68 2.05246
53 69 1.48917
53 70 0.627313
53 71 0.716381
53 72 1.71345
53 73 0.748477
53 74 0.234682
53 75 0.398646
53 76 1.79191
53 77 0.243818
53 78 1.56361
53 79 1.51757
53 80 1.48227
53 81 0.796972
53 82 1.37152
53 83 1.59978
53 84 2.12153
53 85 1.58812
53 86 0.799986
53 87 1.38249
53 88 1.77755
53 89 0.475955
53 90 1.17912
53 91 0.807787
53 92 1.2267
53 93 1.77141
53 94 1.09517
53 95 1.651
53 96 1.21939
53 97 1.2433
53 98 0.918842
53 99 0.69074
54 55 0.291463
54 56 0.637983
54 57 1.31999
54 58 1.15758
54 59 0.190257
54 60 0.813942
54 61 0.350422
54 62 1.44809
54 63 1.51003
54 64 1.2418
54 65 0.0557691
54 66 1.03741
54 67 1.07809
54 68 1.36823
54 69 0.467501
54 70 0.742021
54 71 0.523175
54 72 0.606084
54 73 0.674232
54 74 1.08029
54 75 1.24097
54 76 0.975694
54 77 1.23149
54 78 0.433184
54 79 0.446322
54 80 1.53178
54 81 0.945914
54 82 0.227249
54 83 0.52051
54 84 1.2711
54 85 0.573077
54 86 0.37059
54 87 1.14604
54 88 0.691913
54 89 1.37168
54 90 0.793539
54 91 0.352422
54 92 1.23289
54 93 0.688074
54 94 0.25275
54 95 0.507914
54 96 0.0840214
54 97 0.107339
54 98 0.934336
54 99 0.530903
55 56 0.927164
55 57 1.03658
55 58 0.879261
55 59 0.294407
55 60 0.868773
55 61 0.590155
55 62 1.1711
55 63 1.24464
55 64 1.21033
55 65 0.334529
55 66 0.770168
55 67 0.841822
55 68 1.10312
55 69 0.176151
55 70 1.02247
55 71 0.800596
55 72 0.594357
55 73 0.962488
55 74 1.32411
55 75 1.37873
55 76 0.700029
55 77 1.40052
55 78 0.240852
55 79 0.16698
55 80 1.43656
55 81 0.977836
55 82 0.229448
55 83 0.248325
55 84 0.983597
55 85 0.671773
55 86 0.554296
55 87 1.01635
55 88 0.697197
55 89 1.50483
55 90 0.68869
55 91 0.549049
55 92 1.16129
55 93 0.42129
55 94 0.26851
55 95 0.409913
55 96 0.283989
55 97 0.199476
55 98 0.928379
55 99 0.678515
56 57 1.93029
56 58 1.76072
56 59 0.695049
56 60 0.947317
56 61 0.523964
56 62 2.04451
56 63 2.08431
56 64 1.43788
56 65 0.592661
56 66 1.62604
56 67 1.62113
56 68 1.94494
56 69 1.10167
56 70 0.158473
56 71 0.178456
56 72 1.04899
56 73 0.0402162
56 74 0.60308
56 75 1.06285
56 76 1.57829
56 77 0.969577
56 78 1.05018
56 79 1.08424
56 80 1.81129
56 81 1.08224
56 82 0.821024
56 83 1.15718
56 84 1.89051
56 85 0.873352
56 86 0.543217
56 87 1.52539
56 88 1.08816
56 89 1.18283
56 90 1.19443
56 91 0.520596
56 92 1.50353
56 93 1.32141
56 94 0.771702
56 95 1.05933
56 96 0.674063
56 97 0.741573
56 98 1.14509
56 99 0.623865
57 58 0.175183
57 59 1.23575
57 60 1.41168
57 61 1.62072
57 62 0.16486
57 63 0.312548
57 64 1.38029
57 65 1.35294
57 66 0.327711
57 67 0.463591
57 68 0.237814
57 69 0.865587
57 70 1.99493
57 71 1.77729
57 72 1.41019
57 73 1.96111
57 74 2.18484
57 75 1.9694
57 76 0.353298
57 77 2.06687
57 78 1.05066
57 79 0.920927
57 80 1.30293
57 81 1.42012
57 82 1.23209
57 83 0.882687
57 84 0.0955158
57 85 1.59677
57 86 1.43877
57 87 0.955461
57 88 1.49934
57 89 2.06144
57 90 0.967894
57 91 1.45039
57 92 1.22372
57 93 0.803577
57 94 1.16121
57 95 1.20382
57 96 1.3205
57 97 1.23595
57 98 1.29906
57 99 1.47054
58 59 1.06569
58 60 1.24236
58 61 1.46771
58 62 0.291894
58 63 0.388029
58 64 1.23924
58 65 1.18824
58 66 0.154615
58 67 0.321663
58 68 0.259401
58 69 0.713006
58 70 1.82246
58 71 1.60569
58 72 1.29445
58 73 1.79093
58 74 2.00972
58 75 1.80334
58 76 0.182753
58 77 1.89731
58 78 0.917064
58 79 0.775931
58 80 1.20021
58 81 1.2565
58 82 1.08387
58 83 0.747182
58 84 0.181199
58 85 1.46787
58 86 1.26465
58 87 0.823014
58 88 1.3883
58 89 1.89823
58 90 0.801081
58 91 1.27667
58 92 1.08953
58 93 0.693566
58 94 0.990118
58 95 1.0827
58 96 1.16292
58 97 1.07762
58 98 1.13755
58 99 1.29537
59 60 0.637059
59 61 0.528661
59 62 1.34991
59 63 1.39501
59 64 1.05246
59 65 0.17447
59 66 0.931882
59 67 0.942478
59 68 1.25446
59 69 0.443374
59 70 0.764371
59 71 0.543674
59 72 0.770621
59 73 0.725389
59 74 1.03367
59 75 1.10332
59 76 0.883346
59 77 1.11375
59 78 0.512721
59 79 0.459621
59 80 1.34279
59 81 0.764449
59 82 0.366587
59 83 0.541704
59 84 1.19863
59 85 0.760415
59 86 0.259889
59 87 0.963568
59 88 0.862994
59 89 1.23201
59 90 0.609855
59 91 0.255457
59 92 1.0429
59 93 0.714357
59 94 0.0804763
59 95 0.637892
59 96 0.26554
59 97 0.229479
59 98 0.746372
59 99 0.392454
60 61 1.09233
60 62 1.46123
60 63 1.43397
60 64 0.491556
60 65 0.776464
60 66 1.08797
60 67 0.97141
60 68 1.31777
60 69 0.937971
60 70 0.899865
60 71 0.775754
60 72 1.40751
60 73 0.952113
60 74 0.862396
60 75 0.568708
60 76 1.0963
60 77 0.655187
60 78 1.10952
60 79 0.999033
60 80 0.867465
60 81 0.141481
60 82 1.00195
60 83 1.07386
60 84 1.41803
60 85 1.38422
60 86 0.491507
60 87 0.655706
60 88 1.49992
60 89 0.677819
60 90 0.446069
60 91 0.519863
60 92 0.564628
60 93 1.22603
60 94 0.615217
60 95 1.26296
60 96 0.896148
60 97 0.866291
60 98 0.206503
60 99 0.341517
61 62 1.75958
61 63 1.83465
61 64 1.55387
61 65 0.354197
61 66 1.36012
61 67 1.41885
61 68 1.69304
61 69 0.755513
61 70 0.674434
61 71 0.513525
61 72 0.525491
61 73 0.563912
61 74 1.09896
61 75 1.42057
61 76 1.28974
61 77 1.37243
61 78 0.609766
61 79 0.703431
61 80 1.86633
61 81 1.23194
61 82 0.393019
61 83 0.75656
61 84 1.56153
61 85 0.360919
61 86 0.602628
61 87 1.49211
61 88 0.566035
61 89 1.55084
61 90 1.13849
61 91 0.575136
61 92 1.56227
61 93 0.895375
61 94 0.599909
61 95 0.563027
61 96 0.312543
61 97 0.397592
61 98 1.24217
61 99 0.764616
62 63 0.161499
62 64 1.37313
62 65 1.47754
62 66 0.418777
62 67 0.490129
62 68 0.159859
62 69 1.00464
62 70 2.10021
62 71 1.88597
62 72 1.56944
62 73 2.07373
62 74 2.264
62 75 2.00601
62 76 0.472437
62 77 2.11365
62 78 1.20247
62 79 1.06587
62 80 1.24868
62 81 1.45396
62 82 1.37497
62 83 1.0332
62 84 0.257962
62 85 1.75139
62 86 1.5374
62 87 0.943619
62 88 1.65995
62 89 2.09032
62 90 1.01538
62 91 1.55128
62 92 1.20882
62 93 0.963318
62 94 1.27281
62 95 1.3611
62 96 1.45466
62 97 1.36928
62 98 1.32925
62 99 1.55413
63 64 1.29351
63 65 1.53458
63 66 0.474541
63 67 0.476084
63 68 0.141849
63 69 1.08675
63 70 2.12865
63 71 1.91977
63 72 1.68247
63 73 2.11136
63 74 2.26154
63 75 1.96124
63 76 0.549634
63 77 2.07822
63 78 1.30221
63 79 1.15574
63 80 1.1315
63 81 1.41129
63 82 1.45867
63 83 1.1323
63 84 0.408063
63 85 1.85349
63 86 1.56197
63 87 0.867359
63 88 1.77624
63 89 2.03766
63 90 0.993848
63 91 1.57836
63 92 1.12459
63 93 1.08084
63 94 1.31575
63 95 1.47045
63 96 1.52487
63 97 1.43908
63 98 1.2847
63 99 1.56155
64 65 1.21499
64 66 1.10207
64 67 0.919583
64 68 1.21399
64 69 1.21709
64 70 1.38211
64 71 1.26724
64 72 1.79531
64 73 1.44132
64 74 1.26683
64 75 0.754108
64 76 1.15049
64 77 0.907213
64 78 1.4414
64 79 1.29735
64 80 0.398415
64 81 0.35616
64 82 1.39253
64 83 1.35654
64 84 1.41902
64 85 1.81241
64 86 0.967333
64 87 0.429514
64 88 1.89479
64 89 0.791927
64 90 0.54892
64 91 0.996122
64 92 0.171922
64 93 1.47436
64 94 1.00522
64 95 1.62023
64 96 1.31762
64 97 1.26868
64 98 0.311891
64 99 0.829644
65 66 1.06399
65 67 1.09493
65 68 1.39298
65 69 0.509224
65 70 0.691526
65 71 0.471371
65 72 0.65456
65 73 0.627987
65 74 1.0248
65 75 1.19056
65 76 1.00575
65 77 1.1783
65 78 0.488044
65 79 0.494088
65 80 1.515
65 81 0.910787
65 82 0.282597
65 83 0.570072
65 84 1.30683
65 85 0.607754
65 86 0.32046
65 87 1.13801
65 88 0.737709
65 89 1.32147
65 90 0.784321
65 91 0.300815
65 92 1.21318
65 93 0.739162
65 94 0.247808
65 95 0.562763
65 96 0.134014
65 97 0.161351
65 98 0.905462
65 99 0.483192
66 67 0.205868
66 68 0.33295
66 69 0.614936
66 70 1.6818
66 71 1.46721
66 72 1.23561
66 73 1.65507
66 74 1.85839
66 75 1.64981
66 76 0.0952207
66 77 1.74283
66 78 0.84204
66 79 0.688104
66 80 1.09529
66 81 1.10425
66 82 0.986094
66 83 0.673886
66 84 0.331656
66 85 1.39168
66 86 1.12025
66 87 0.696393
66 88 1.33377
66 89 1.74584
66 90 0.647766
66 91 1.1335
66 92 0.958678
66 93 0.655498
66 94 0.854358
66 95 1.02043
66 96 1.05047
66 97 0.964682
66 98 0.986534
66 99 1.14481
67 68 0.348789
67 69 0.712908
67 70 1.65798
67 71 1.45287
67 72 1.36462
67 73 1.64643
67 74 1.78657
67 75 1.51732
67 76 0.28799
67 77 1.62353
67 78 0.960947
67 79 0.796676
67 80 0.890068
67 81 0.96555
67 82 1.06919
67 83 0.801218
67 84 0.499794
67 85 1.49785
67 86 1.09101
67 87 0.501371
67 88 1.46611
67 89 1.60447
67 90 0.526012
67 91 1.1087
67 92 0.767992
67 93 0.817176
67 94 0.862073
67 95 1.14945
67 96 1.10641
67 97 1.02208
67 98 0.841938
67 99 1.08556
68 69 0.946298
68 70 1.99164
68 71 1.78146
68 72 1.5496
68 73 1.97239
68 74 2.13451
68 75 1.85588
68 76 0.410381
68 77 1.96726
68 78 1.16521
68 79 1.01656
68 80 1.09251
68 81 1.30406
68 82 1.31805
68 83 0.995509
68 84 0.326416
68 85 1.71645
68 86 1.42549
68 87 0.784498
68 88 1.64471
68 89 1.93756
68 90 0.873681
68 91 1.44128
68 92 1.04919
68 93 0.951806
68 94 1.17543
68 95 1.33642
68 96 1.3831
68 97 1.29731
68 98 1.17848
68 99 1.43021
69 70 1.19279
69 71 0.970479
69 72 0.660584
69 73 1.1365
69 74 1.47618
69 75 1.47742
69 76 0.537759
69 77 1.51505
69 78 0.256331
69 79 0.0894173
69 80 1.39752
69 81 1.02979
69 82 0.371993
69 83 0.140258
69 84 0.809618
69 85 0.785409
69 86 0.697639
69 87 0.96471
69 88 0.763988
69 89 1.5993
69 90 0.672276
69 91 0.696965
69 92 1.14413
69 93 0.290793
69 94 0.394878
69 95 0.450097
69 96 0.45684
69 97 0.374035
69 98 0.960633
69 99 0.8015
70 71 0.222346
70 72 1.1969
70 73 0.124281
70 74 0.445381
70 75 0.938757
70 76 1.64164
70 77 0.832966
70 78 1.16797
70 79 1.18514
70 80 1.76698
70 81 1.02678
70 82 0.942378
70 83 1.2616
70 84 1.96165
70 85 1.02829
70 86 0.567005
70 87 1.51353
70 88 1.24031
70 89 1.05346
70 90 1.19953
70 91 0.550364
70 92 1.46398
70 93 1.43009
70 94 0.835077
70 95 1.19363
70 96 0.789808
70 97 0.848769
70 98 1.10428
70 99 0.605701
71 72 1.01782
71 73 0.195926
71 74 0.59071
71 75 0.949221
71 76 1.42416
71 77 0.877682
71 78 0.953054
71 79 0.963951
71 80 1.63648
71 81 0.912884
71 82 0.731056
71 83 1.04109
71 84 1.74208
71 85 0.874417
71 86 0.367387
71 87 1.34694
71 88 1.07251
71 89 1.07516
71 90 1.017
71 91 0.346235
71 92 1.328
71 93 1.21053
71 94 0.61616
71 95 0.992252
71 96 0.576204
71 97 0.630406
71 98 0.970616
71 99 0.446888
72 73 1.08905
72 74 1.60852
72 75 1.84471
72 76 1.14558
72 77 1.82579
72 78 0.40526
72 79 0.572343
72 80 2.03069
72 81 1.53232
72 82 0.406818
72 83 0.564577
72 84 1.33019
72 85 0.235244
72 86 0.975017
72 87 1.60753
72 88 0.103907
72 89 1.97575
72 90 1.28291
72 91 0.954823
72 92 1.75445
72 93 0.606614
72 94 0.798468
72 95 0.215666
72 96 0.522185
72 97 0.541225
72 98 1.50149
72 99 1.13691
73 74 0.569599
73 75 1.04547
73 76 1.6087
73 77 0.947491
73 78 1.08868
73 79 1.12055
73 80 1.81804
73 81 1.08525
73 82 0.859799
73 83 1.19404
73 84 1.92247
73 85 0.912337
73 86 0.563298
73 87 1.5399
73 88 1.12775
73 89 1.16368
73 90 1.21244
73 91 0.541856
73 92 1.51125
73 93 1.35892
73 94 0.80111
73 95 1.09929
73 96 0.712031
73 97 0.778459
73 98 1.15201
73 99 0.634673
74 75 0.626771
74 76 1.83908
74 77 0.477788
74 78 1.51208
74 79 1.49099
74 80 1.6651
74 81 0.94628
74 82 1.3024
74 83 1.57239
74 84 2.16929
74 85 1.45881
74 86 0.779839
74 87 1.51784
74 88 1.66212
74 89 0.710407
74 90 1.27253
74 91 0.779218
74 92 1.39187
74 93 1.74534
74 94 1.08406
74 95 1.57383
74 96 1.14651
74 97 1.18543
74 98 1.05866
74 99 0.714881
75 76 1.66294
75 77 0.165646
75 78 1.61245
75 79 1.52711
75 80 1.13165
75 81 0.552055
75 82 1.4599
75 83 1.60644
75 84 1.98117
75 85 1.76442
75 86 0.870424
75 87 1.11604
75 88 1.92421
75 89 0.131275
75 90 1.00226
75 91 0.889919
75 92 0.913145
75 93 1.76821
75 94 1.11063
75 95 1.73847
75 96 1.32402
75 97 1.32208
75 98 0.677441
75 99 0.713346
76 77 1.74818
76 78 0.755815
76 79 0.606253
76 80 1.16917
76 81 1.1245
76 82 0.909735
76 83 0.586558
76 84 0.330514
76 85 1.30674
76 86 1.08636
76 87 0.758365
76 88 1.24289
76 89 1.76375
76 90 0.66682
76 91 1.09752
76 92 1.01466
76 93 0.561097
76 94 0.808226
76 95 0.930919
76 96 0.98299
76 97 0.897448
76 98 1.0114
76 99 1.12421
77 78 1.62647
77 79 1.55653
77 80 1.29109
77 81 0.668796
77 82 1.45626
77 83 1.63766
77 84 2.07224
77 85 1.72569
77 86 0.864772
77 87 1.24878
77 88 1.89912
77 89 0.232893
77 90 1.1003
77 91 0.879937
77 92 1.06078
77 93 1.80452
77 94 1.1328
77 95 1.73736
77 96 1.3122
77 97 1.32101
77 98 0.795715
77 99 0.72235
78 79 0.167371
78 80 1.64535
78 81 1.21829
78 82 0.23019
78 83 0.169943
78 84 0.980401
78 85 0.551308
78 86 0.766734
78 87 1.21561
78 88 0.508241
78 89 1.73979
78 90 0.907404
78 91 0.756442
78 92 1.38197
78 93 0.28561
78 94 0.50313
78 95 0.19385
78 96 0.378202
78 97 0.326833
78 98 1.16589
78 99 0.904866
79 80 1.48528
79 81 1.09726
79 82 0.311693
79 83 0.0822159
79 84 0.858651
79 85 0.705068
79 86 0.719136
79 87 1.05321
79 88 0.675515
79 89 1.65116
79 90 0.755492
79 91 0.714924
79 92 1.22878
79 93 0.254771
79 94 0.424933
79 95 0.360915
79 96 0.420168
79 97 0.343844
79 98 1.0339
79 99 0.836741
80 81 0.742748
80 82 1.64534
80 83 1.52837
80 84 1.3649
80 85 2.08481
80 86 1.31004
80 87 0.436522
80 88 2.13373
80 89 1.14857
80 90 0.750397
80 91 1.33837
80 92 0.309891
80 93 1.61164
80 94 1.28133
80 95 1.83578
80 96 1.59906
80 97 1.53693
80 98 0.666207
80 99 1.19072
81 82 1.12563
81 83 1.1685
81 84 1.43587
81 85 1.51809
81 86 0.632335
81 87 0.586582
81 88 1.62668
81 89 0.641734
81 90 0.457889
81 91 0.660797
81 92 0.449731
81 93 1.31255
81 94 0.734976
81 95 1.37953
81 96 1.02699
81 97 0.992143
81 98 0.12694
81 99 0.482788
82 83 0.363969
82 84 1.17032
82 85 0.445651
82 86 0.592244
82 87 1.23363
82 88 0.503305
82 89 1.58995
82 90 0.894966
82 91 0.576321
82 92 1.36013
82 93 0.510986
82 94 0.391753
82 95 0.281272
82 96 0.156056
82 97 0.138472
82 98 1.09568
82 99 0.746764
83 84 0.814688
83 85 0.721194
83 86 0.8013
83 87 1.0935
83 88 0.665215
83 89 1.72987
83 90 0.810507
83 91 0.796921
83 92 1.28065
83 93 0.172966
83 94 0.506785
83 95 0.348941
83 96 0.487361
83 97 0.415608
83 98 1.10073
83 99 0.918473
84 85 1.52212
84 86 1.41226
84 87 0.999982
84 88 1.41737
84 89 2.07749
84 90 0.979347
84 91 1.42217
84 92 1.26742
84 93 0.724257
84 94 1.12658
84 95 1.1267
84 96 1.26639
84 97 1.18293
84 98 1.31772
84 99 1.45447
85 86 0.913677
85 87 1.67807
85 88 0.226466
85 89 1.89547
85 90 1.3356
85 91 0.889131
85 92 1.79366
85 93 0.800888
85 94 0.809396
85 95 0.398412
85 96 0.494916
85 97 0.548468
85 98 1.5067
85 99 1.07966
86 87 0.989753
86 88 1.05716
86 89 1.00121
86 90 0.652072
86 91 0.0287896
86 92 1.00032
86 93 0.973718
86 94 0.30423
86 95 0.872953
86 96 0.453622
86 97 0.456269
86 98 0.656972
86 99 0.165983
87 88 1.71118
87 89 1.18048
87 90 0.353839
87 91 1.01585
87 92 0.268262
87 93 1.17528
87 94 0.893441
87 95 1.40772
87 96 1.20535
87 97 1.1359
87 98 0.463731
87 99 0.908531
88 89 2.05544
88 90 1.38541
88 91 1.03569
88 92 1.85627
88 93 0.696784
88 94 0.894747
88 95 0.316702
88 96 0.60797
88 97 0.634538
88 98 1.59899
88 99 1.22088
89 90 1.09862
89 91 1.02093
89 92 0.958793
89 93 1.88994
89 94 1.23724
89 95 1.86804
89 96 1.45484
89 97 1.45196
89 98 0.762763
89 99 0.843197
90 91 0.676428
90 92 0.474575
90 93 0.92549
90 94 0.540789
90 95 1.09361
90 96 0.855288
90 97 0.789103
90 98 0.345984
90 99 0.598108
91 92 1.0287
91 93 0.969693
91 94 0.306444
91 95 0.857472
91 96 0.434623
91 97 0.44175
91 98 0.685741
91 99 0.191219
92 93 1.3839
92 94 0.985436
92 95 1.56785
92 96 1.30315
92 97 1.24528
92 98 0.359862
92 99 0.881668
93 94 0.676976
93 95 0.403299
93 96 0.647924
93 97 0.58163
93 98 1.23594
93 99 1.08777
94 95 0.647855
94 96 0.31793
94 97 0.26348
94 98 0.704709
94 99 0.41186
95 96 0.431685
95 97 0.416998
95 98 1.33638
95 99 1.02516
96 97 0.0857909
96 98 1.01191
96 99 0.614731
97 98 0.967514
97 99 0.608777
98 99 0.526225