10
0 1 2.37189
0 2 0.696693
0 3 1.39539
0 4 1.87614
0 5 0.263684
0 6 1.09251
0 7 1.22114
0 8 1.66025
0 9 1.28299
1 2 2.07985
1 3 1.18079
1 4 0.511892
1 5 2.16791
1 6 1.80508
1 7 1.15232
1 8 0.711882
1 9 1.15627
2 3 0.930058
2 4 1.56928
2 5 0.76427
2 6 1.42988
2 7 1.00365
2 8 1.40501
2 9 1.23408
3 4 0.689294
3 5 1.27663
3 6 1.40709
3 7 0.464805
3 8 0.602854
3 9 0.786567
4 5 1.68511
4 6 1.44284
4 7 0.656107
4 8 0.234047
4 9 0.737902
5 6 0.833418
5 7 1.03065
5 8 1.46083
5 9 1.04867
6 7 0.959676
6 8 1.21729
6 9 0.714138
7 8 0.440677
7 9 0.328831
8 9 0.507056